0 0.000 0.970 0.000, 1 0.185 2.357 -0.840, 2 0.338 1.063 0.489, 3 0.366 -1.945 1.412, 4 -0.349 -5.164 1.417, 5 -0.338 0.877 -0.489, 6 -0.461 -2.207 0.578, 7 -1.249 -5.433 1.085, 8 0.370 3.744 -1.679, 9 0.363 5.035 -2.214, 10 0.265 5.090 -2.107, 11 0.254 5.122 -2.416, 12 0.393 5.191 -2.017, 13 0.237 4.915 -2.857, 14 0.684 5.047 -1.783, 15 -0.064 3.624 -2.653, 16 -0.309 2.048 -1.935, 17 -0.648 0.590 -1.007, 18 0.804 3.865 -0.706, 19 0.904 2.410 0.231, 20 0.957 1.001 1.096,
0 0.000 0.970 0.000, 1 0.185 2.357 -0.839, 2 0.338 1.063 0.489, 3 0.256 -1.962 1.421, 4 -0.348 -5.163 1.416, 5 -0.338 0.877 -0.489, 6 -0.461 -2.206 0.578, 7 -1.249 -5.432 1.084, 8 0.370 3.744 -1.679, 9 0.362 5.035 -2.213, 10 0.264 5.090 -2.107, 11 0.253 5.122 -2.415, 12 0.393 5.191 -2.017, 13 0.236 4.915 -2.856, 14 0.683 5.047 -1.783, 15 -0.064 3.624 -2.652, 16 -0.309 2.048 -1.934, 17 -0.648 0.590 -1.007, 18 0.804 3.865 -0.706, 19 0.904 2.410 0.230, 20 0.957 1.001 1.095,
0 -0.000 0.970 0.000, 1 0.185 2.368 -0.835, 2 0.338 1.042 0.480, 3 0.256 -1.942 1.430, 4 -0.347 -5.141 1.426, 5 -0.338 0.898 -0.480, 6 -0.461 -2.186 0.587, 7 -1.247 -5.410 1.094, 8 0.369 3.765 -1.670, 9 0.359 5.065 -2.206, 10 0.264 5.111 -2.099, 11 0.253 5.143 -2.407, 12 0.392 5.211 -2.008, 13 0.235 4.935 -2.848, 14 0.673 5.104 -1.780, 15 -0.065 3.644 -2.644, 16 -0.309 2.069 -1.925, 17 -0.648 0.611 -0.998, 18 0.803 3.886 -0.697, 19 0.904 2.431 0.239, 20 0.957 1.021 1.104,
0 0.000 0.970 0.000, 1 0.185 2.357 -0.840, 2 0.338 1.063 0.489, 3 0.256 -1.963 1.422, 4 -0.346 -5.162 1.419, 5 -0.338 0.877 -0.489, 6 -0.461 -2.207 0.578, 7 -1.247 -5.431 1.087, 8 0.369 3.745 -1.679, 9 0.359 5.045 -2.215, 10 0.264 5.090 -2.107, 11 0.253 5.123 -2.416, 12 0.393 5.191 -2.017, 13 0.236 4.915 -2.857, 14 0.674 5.084 -1.789, 15 -0.065 3.624 -2.653, 16 -0.309 2.048 -1.934, 17 -0.648 0.590 -1.007, 18 0.804 3.866 -0.706, 19 0.904 2.411 0.230, 20 0.957 1.001 1.095,
0 0.000 0.970 0.000, 1 0.185 2.357 -0.840, 2 0.338 1.063 0.489, 3 0.256 -1.962 1.422, 4 -0.345 -5.161 1.420, 5 -0.338 0.877 -0.489, 6 -0.460 -2.207 0.579, 7 -1.246 -5.430 1.088, 8 0.369 3.745 -1.680, 9 0.361 5.036 -2.214, 10 0.264 5.091 -2.108, 11 0.252 5.123 -2.416, 12 0.392 5.192 -2.017, 13 0.235 4.915 -2.857, 14 0.683 5.048 -1.784, 15 -0.065 3.624 -2.653, 16 -0.309 2.048 -1.934, 17 -0.648 0.590 -1.007, 18 0.803 3.866 -0.706, 19 0.904 2.411 0.230, 20 0.957 1.001 1.095,
0 0.000 0.970 -0.000, 1 0.184 2.367 -0.836, 2 0.338 1.042 0.480, 3 0.257 -1.941 1.431, 4 -0.342 -5.136 1.430, 5 -0.338 0.898 -0.480, 6 -0.459 -2.186 0.587, 7 -1.242 -5.406 1.098, 8 0.368 3.765 -1.671, 9 0.360 5.056 -2.206, 10 0.263 5.110 -2.100, 11 0.251 5.143 -2.408, 12 0.391 5.211 -2.009, 13 0.234 4.935 -2.849, 14 0.682 5.068 -1.776, 15 -0.066 3.644 -2.644, 16 -0.310 2.068 -1.925, 17 -0.648 0.610 -0.998, 18 0.803 3.886 -0.698, 19 0.903 2.431 0.238, 20 0.957 1.022 1.104,
0 0.000 0.970 0.000, 1 0.184 2.367 -0.835, 2 0.338 1.042 0.480, 3 0.257 -1.940 1.431, 4 -0.341 -5.133 1.432, 5 -0.338 0.898 -0.480, 6 -0.459 -2.185 0.588, 7 -1.240 -5.403 1.100, 8 0.368 3.764 -1.671, 9 0.360 5.055 -2.206, 10 0.263 5.109 -2.099, 11 0.251 5.142 -2.408, 12 0.391 5.210 -2.009, 13 0.234 4.934 -2.848, 14 0.682 5.066 -1.775, 15 -0.066 3.643 -2.644, 16 -0.310 2.068 -1.925, 17 -0.648 0.610 -0.998, 18 0.802 3.885 -0.698, 19 0.903 2.431 0.238, 20 0.956 1.022 1.104,
0 0.000 0.970 0.000, 1 0.184 2.367 -0.835, 2 0.338 1.043 0.480, 3 0.257 -1.939 1.432, 4 -0.338 -5.128 1.438, 5 -0.338 0.897 -0.480, 6 -0.459 -2.184 0.588, 7 -1.237 -5.399 1.105, 8 0.369 3.764 -1.671, 9 0.361 5.054 -2.205, 10 0.263 5.109 -2.099, 11 0.252 5.141 -2.407, 12 0.392 5.209 -2.009, 13 0.235 4.933 -2.848, 14 0.682 5.066 -1.775, 15 -0.065 3.642 -2.644, 16 -0.309 2.067 -1.925, 17 -0.647 0.610 -0.998, 18 0.802 3.885 -0.698, 19 0.903 2.431 0.238, 20 0.956 1.022 1.104,
0 -0.000 0.970 0.000, 1 0.184 2.356 -0.840, 2 0.338 1.063 0.489, 3 0.257 -1.960 1.423, 4 -0.338 -5.149 1.429, 5 -0.338 0.877 -0.489, 6 -0.459 -2.205 0.579, 7 -1.237 -5.420 1.096, 8 0.368 3.743 -1.679, 9 0.362 5.026 -2.213, 10 0.263 5.088 -2.108, 11 0.252 5.120 -2.416, 12 0.392 5.189 -2.017, 13 0.242 4.882 -2.851, 14 0.682 5.045 -1.784, 15 -0.065 3.622 -2.652, 16 -0.310 2.047 -1.934, 17 -0.648 0.590 -1.007, 18 0.802 3.864 -0.706, 19 0.903 2.410 0.230, 20 0.956 1.001 1.095,
0 -0.000 0.970 0.000, 1 0.184 2.367 -0.835, 2 0.338 1.042 0.480, 3 0.257 -1.939 1.431, 4 -0.338 -5.129 1.436, 5 -0.338 0.898 -0.480, 6 -0.459 -2.184 0.588, 7 -1.237 -5.400 1.103, 8 0.368 3.764 -1.671, 9 0.362 5.047 -2.204, 10 0.263 5.109 -2.099, 11 0.251 5.141 -2.407, 12 0.391 5.210 -2.008, 13 0.241 4.903 -2.843, 14 0.682 5.066 -1.775, 15 -0.066 3.642 -2.643, 16 -0.310 2.067 -1.925, 17 -0.648 0.610 -0.998, 18 0.803 3.885 -0.698, 19 0.903 2.431 0.238, 20 0.958 0.975 1.086,
0 -0.000 0.970 -0.000, 1 0.184 2.367 -0.835, 2 0.338 1.043 0.480, 3 0.367 -1.921 1.422, 4 -0.337 -5.126 1.440, 5 -0.338 0.897 -0.480, 6 -0.459 -2.184 0.588, 7 -1.235 -5.398 1.107, 8 0.369 3.763 -1.671, 9 0.363 5.046 -2.204, 10 0.263 5.108 -2.099, 11 0.252 5.140 -2.407, 12 0.392 5.209 -2.009, 13 0.242 4.902 -2.843, 14 0.682 5.065 -1.775, 15 -0.065 3.642 -2.644, 16 -0.310 2.067 -1.925, 17 -0.648 0.610 -0.998, 18 0.802 3.884 -0.698, 19 0.903 2.430 0.238, 20 0.958 0.975 1.086,
0 0.000 0.970 0.000, 1 0.185 2.375 -0.831, 2 0.338 1.059 0.489, 3 0.367 -1.905 1.432, 4 -0.336 -5.107 1.453, 5 -0.338 0.881 -0.489, 6 -0.459 -2.167 0.598, 7 -1.234 -5.380 1.119, 8 0.370 3.780 -1.662, 9 0.364 5.062 -2.196, 10 0.264 5.124 -2.091, 11 0.253 5.157 -2.399, 12 0.393 5.225 -2.000, 13 0.243 4.919 -2.834, 14 0.683 5.082 -1.767, 15 -0.064 3.658 -2.635, 16 -0.308 2.083 -1.916, 17 -0.647 0.627 -0.989, 18 0.803 3.901 -0.690, 19 0.903 2.447 0.247, 20 0.957 0.992 1.095,
0 0.000 0.970 0.000, 1 0.185 2.375 -0.831, 2 0.338 1.059 0.489, 3 0.366 -1.905 1.432, 4 -0.338 -5.109 1.452, 5 -0.338 0.881 -0.489, 6 -0.459 -2.168 0.598, 7 -1.236 -5.382 1.118, 8 0.370 3.780 -1.662, 9 0.365 5.062 -2.195, 10 0.265 5.125 -2.090, 11 0.254 5.157 -2.399, 12 0.393 5.226 -2.000, 13 0.244 4.919 -2.834, 14 0.684 5.082 -1.767, 15 -0.063 3.659 -2.635, 16 -0.308 2.084 -1.916, 17 -0.646 0.627 -0.989, 18 0.803 3.901 -0.689, 19 0.903 2.447 0.247, 20 0.957 0.992 1.095,
0 0.000 0.970 0.000, 1 0.185 2.375 -0.831, 2 0.338 1.059 0.489, 3 0.366 -1.905 1.432, 4 -0.339 -5.109 1.451, 5 -0.338 0.881 -0.489, 6 -0.459 -2.167 0.597, 7 -1.237 -5.382 1.117, 8 0.370 3.780 -1.662, 9 0.365 5.062 -2.195, 10 0.265 5.125 -2.090, 11 0.254 5.157 -2.398, 12 0.394 5.226 -2.000, 13 0.244 4.919 -2.834, 14 0.684 5.082 -1.767, 15 -0.063 3.659 -2.634, 16 -0.308 2.084 -1.916, 17 -0.647 0.627 -0.989, 18 0.804 3.901 -0.689, 19 0.903 2.447 0.247, 20 0.957 0.992 1.095,
0 -0.000 0.970 -0.000, 1 0.185 2.367 -0.835, 2 0.337 1.042 0.480, 3 0.365 -1.922 1.422, 4 -0.341 -5.130 1.439, 5 -0.337 0.898 -0.480, 6 -0.460 -2.184 0.588, 7 -1.240 -5.401 1.105, 8 0.370 3.763 -1.670, 9 0.357 5.032 -2.190, 10 0.265 5.108 -2.099, 11 0.254 5.140 -2.407, 12 0.393 5.209 -2.008, 13 0.216 4.847 -2.790, 14 0.684 5.065 -1.775, 15 -0.063 3.642 -2.643, 16 -0.308 2.067 -1.925, 17 -0.647 0.611 -0.998, 18 0.803 3.884 -0.698, 19 0.903 2.430 0.238, 20 0.957 0.975 1.086,
0 0.000 0.970 0.000, 1 0.185 2.366 -0.835, 2 0.337 1.042 0.480, 3 0.365 -1.922 1.423, 4 -0.339 -5.126 1.442, 5 -0.337 0.898 -0.480, 6 -0.460 -2.183 0.588, 7 -1.237 -5.399 1.108, 8 0.370 3.763 -1.670, 9 0.358 5.031 -2.190, 10 0.265 5.107 -2.098, 11 0.254 5.139 -2.406, 12 0.394 5.208 -2.007, 13 0.217 4.847 -2.789, 14 0.684 5.064 -1.774, 15 -0.063 3.642 -2.643, 16 -0.308 2.067 -1.925, 17 -0.647 0.611 -0.998, 18 0.803 3.884 -0.697, 19 0.903 2.430 0.239, 20 0.955 1.022 1.104,
0 0.000 0.970 0.000, 1 0.185 2.366 -0.835, 2 0.337 1.042 0.480, 3 0.365 -1.921 1.422, 4 -0.339 -5.125 1.442, 5 -0.337 0.898 -0.480, 6 -0.460 -2.183 0.588, 7 -1.237 -5.397 1.108, 8 0.370 3.762 -1.670, 9 0.365 5.044 -2.202, 10 0.265 5.107 -2.097, 11 0.254 5.139 -2.405, 12 0.394 5.207 -2.007, 13 0.244 4.901 -2.841, 14 0.684 5.064 -1.774, 15 -0.063 3.641 -2.642, 16 -0.308 2.067 -1.925, 17 -0.647 0.611 -0.998, 18 0.803 3.883 -0.697, 19 0.903 2.430 0.238, 20 0.957 0.975 1.086,
0 0.000 0.970 -0.000, 1 0.185 2.366 -0.835, 2 0.337 1.042 0.480, 3 0.365 -1.921 1.422, 4 -0.339 -5.126 1.441, 5 -0.337 0.898 -0.480, 6 -0.460 -2.183 0.588, 7 -1.237 -5.398 1.107, 8 0.370 3.762 -1.670, 9 0.364 5.045 -2.202, 10 0.265 5.107 -2.097, 11 0.254 5.139 -2.405, 12 0.393 5.208 -2.007, 13 0.244 4.901 -2.841, 14 0.684 5.064 -1.774, 15 -0.063 3.641 -2.642, 16 -0.308 2.067 -1.925, 17 -0.647 0.611 -0.998, 18 0.803 3.883 -0.697, 19 0.903 2.430 0.238, 20 0.955 1.022 1.104,
0 -0.000 0.970 -0.000, 1 0.185 2.374 -0.830, 2 0.338 1.059 0.489, 3 0.366 -1.904 1.431, 4 -0.338 -5.107 1.451, 5 -0.338 0.881 -0.489, 6 -0.459 -2.165 0.596, 7 -1.235 -5.379 1.116, 8 0.370 3.778 -1.660, 9 0.358 5.047 -2.180, 10 0.266 5.122 -2.088, 11 0.254 5.155 -2.396, 12 0.394 5.223 -1.997, 13 0.217 4.862 -2.779, 14 0.684 5.080 -1.764, 15 -0.063 3.657 -2.633, 16 -0.308 2.084 -1.916, 17 -0.647 0.628 -0.989, 18 0.804 3.899 -0.688, 19 0.903 2.446 0.248, 20 0.955 1.038 1.113,
0 0.000 0.970 0.000, 1 0.185 2.375 -0.830, 2 0.338 1.059 0.489, 3 0.384 -1.908 1.351, 4 -0.341 -5.112 1.445, 5 -0.338 0.881 -0.489, 6 -0.460 -2.166 0.596, 7 -1.239 -5.383 1.111, 8 0.370 3.779 -1.660, 9 0.358 5.048 -2.179, 10 0.265 5.124 -2.088, 11 0.254 5.156 -2.396, 12 0.394 5.224 -1.997, 13 0.217 4.863 -2.779, 14 0.684 5.081 -1.764, 15 -0.063 3.658 -2.633, 16 -0.308 2.084 -1.916, 17 -0.647 0.628 -0.989, 18 0.804 3.900 -0.687, 19 0.904 2.446 0.248, 20 0.956 1.038 1.113,
0 0.000 0.970 0.000, 1 0.185 2.366 -0.835, 2 0.338 1.042 0.480, 3 0.384 -1.926 1.342, 4 -0.341 -5.131 1.435, 5 -0.338 0.898 -0.480, 6 -0.460 -2.183 0.587, 7 -1.240 -5.401 1.102, 8 0.370 3.763 -1.669, 9 0.357 5.032 -2.189, 10 0.265 5.107 -2.097, 11 0.253 5.140 -2.405, 12 0.393 5.208 -2.006, 13 0.216 4.847 -2.788, 14 0.684 5.064 -1.773, 15 -0.064 3.642 -2.642, 16 -0.309 2.068 -1.925, 17 -0.648 0.611 -0.998, 18 0.804 3.883 -0.696, 19 0.903 2.430 0.239, 20 0.958 0.974 1.087,
0 -0.000 0.970 0.000, 1 0.185 2.366 -0.834, 2 0.338 1.042 0.480, 3 0.366 -1.921 1.420, 4 -0.343 -5.132 1.432, 5 -0.338 0.898 -0.480, 6 -0.461 -2.182 0.586, 7 -1.242 -5.402 1.099, 8 0.370 3.762 -1.668, 9 0.357 5.031 -2.188, 10 0.265 5.107 -2.096, 11 0.253 5.139 -2.404, 12 0.393 5.208 -2.005, 13 0.216 4.847 -2.787, 14 0.684 5.064 -1.772, 15 -0.064 3.642 -2.641, 16 -0.309 2.068 -1.924, 17 -0.648 0.612 -0.998, 18 0.804 3.883 -0.696, 19 0.904 2.429 0.239, 20 0.956 1.021 1.104,
0 -0.000 0.970 0.000, 1 0.185 2.366 -0.834, 2 0.338 1.042 0.480, 3 0.366 -1.921 1.421, 4 -0.341 -5.128 1.434, 5 -0.338 0.898 -0.480, 6 -0.460 -2.182 0.586, 7 -1.240 -5.399 1.101, 8 0.369 3.762 -1.669, 9 0.357 5.031 -2.188, 10 0.264 5.106 -2.096, 11 0.253 5.139 -2.404, 12 0.393 5.207 -2.006, 13 0.215 4.846 -2.787, 14 0.683 5.063 -1.773, 15 -0.065 3.641 -2.641, 16 -0.309 2.067 -1.924, 17 -0.648 0.611 -0.998, 18 0.803 3.883 -0.696, 19 0.903 2.429 0.239, 20 0.958 0.974 1.086,
0 0.000 0.970 -0.000, 1 0.185 2.357 -0.839, 2 0.338 1.063 0.489, 3 0.366 -1.944 1.412, 4 -0.343 -5.156 1.422, 5 -0.338 0.877 -0.489, 6 -0.460 -2.205 0.578, 7 -1.243 -5.426 1.090, 8 0.369 3.744 -1.679, 9 0.357 5.013 -2.198, 10 0.264 5.089 -2.107, 11 0.253 5.121 -2.415, 12 0.392 5.190 -2.016, 13 0.215 4.829 -2.798, 14 0.683 5.046 -1.783, 15 -0.065 3.623 -2.651, 16 -0.309 2.048 -1.934, 17 -0.648 0.590 -1.007, 18 0.803 3.865 -0.706, 19 0.904 2.410 0.230, 20 0.958 0.954 1.077,
0 0.000 0.970 -0.000, 1 0.185 2.357 -0.839, 2 0.338 1.063 0.489, 3 0.366 -1.944 1.412, 4 -0.345 -5.159 1.420, 5 -0.338 0.877 -0.489, 6 -0.461 -2.206 0.578, 7 -1.246 -5.429 1.088, 8 0.370 3.744 -1.678, 9 0.364 5.027 -2.211, 10 0.264 5.089 -2.106, 11 0.253 5.122 -2.414, 12 0.393 5.190 -2.015, 13 0.243 4.884 -2.850, 14 0.684 5.046 -1.782, 15 -0.064 3.623 -2.652, 16 -0.309 2.048 -1.934, 17 -0.648 0.591 -1.007, 18 0.804 3.865 -0.705, 19 0.904 2.410 0.230, 20 0.957 1.001 1.095,
0 -0.000 0.970 -0.000, 1 0.185 2.367 -0.835, 2 0.338 1.042 0.480, 3 0.256 -1.940 1.431, 4 -0.341 -5.133 1.435, 5 -0.338 0.898 -0.480, 6 -0.460 -2.185 0.587, 7 -1.190 -5.295 0.965, 8 0.369 3.764 -1.670, 9 0.357 5.033 -2.190, 10 0.264 5.109 -2.098, 11 0.253 5.141 -2.406, 12 0.393 5.210 -2.007, 13 0.215 4.849 -2.790, 14 0.683 5.066 -1.774, 15 -0.065 3.643 -2.643, 16 -0.309 2.068 -1.926, 17 -0.648 0.611 -0.999, 18 0.803 3.885 -0.697, 19 0.903 2.430 0.239, 20 0.958 0.974 1.087,
0 0.000 0.970 0.000, 1 0.185 2.367 -0.835, 2 0.338 1.042 0.480, 3 0.366 -1.923 1.423, 4 -0.339 -5.129 1.441, 5 -0.338 0.898 -0.480, 6 -0.460 -2.185 0.588, 7 -1.187 -5.292 0.970, 8 0.370 3.764 -1.671, 9 0.364 5.047 -2.204, 10 0.265 5.109 -2.099, 11 0.254 5.141 -2.407, 12 0.393 5.210 -2.008, 13 0.244 4.903 -2.843, 14 0.684 5.066 -1.775, 15 -0.064 3.643 -2.644, 16 -0.309 2.068 -1.926, 17 -0.647 0.611 -0.999, 18 0.803 3.885 -0.698, 19 0.903 2.430 0.239, 20 0.957 0.975 1.087,
0 0.000 0.970 0.000, 1 0.191 2.349 -0.865, 2 0.338 1.062 0.489, 3 0.382 -1.947 1.334, 4 -0.344 -5.155 1.427, 5 -0.338 0.878 -0.489, 6 -0.461 -2.204 0.578, 7 -1.192 -5.317 0.956, 8 0.383 3.728 -1.731, 9 0.362 5.011 -2.227, 10 0.267 5.088 -2.104, 11 0.255 5.120 -2.412, 12 0.395 5.189 -2.013, 13 0.227 4.826 -2.919, 14 0.686 5.045 -1.780, 15 -0.040 3.593 -2.757, 16 -0.308 2.048 -1.934, 17 -0.690 0.559 -1.102, 18 0.805 3.863 -0.704, 19 0.904 2.409 0.231, 20 0.956 1.000 1.096,
0 0.000 0.970 0.000, 1 0.190 2.359 -0.864, 2 0.338 1.062 0.489, 3 0.381 -1.949 1.331, 4 -0.328 -5.145 1.344, 5 -0.338 0.878 -0.489, 6 -0.464 -2.205 0.575, 7 -1.213 -5.415 1.012, 8 0.380 3.749 -1.728, 9 0.361 5.021 -2.225, 10 0.268 5.088 -2.101, 11 0.257 5.121 -2.409, 12 0.397 5.189 -2.010, 13 0.228 4.827 -2.916, 14 0.678 5.082 -1.783, 15 -0.039 3.594 -2.755, 16 -0.308 2.049 -1.933, 17 -0.691 0.560 -1.103, 18 0.799 3.903 -0.701, 19 0.907 2.395 0.132, 20 0.957 0.999 1.096,
0 0.000 0.970 0.000, 1 0.191 2.359 -0.864, 2 0.338 1.062 0.490, 3 0.379 -1.950 1.332, 4 -0.360 -5.174 1.413, 5 -0.338 0.878 -0.490, 6 -0.363 -2.186 0.574, 7 -1.260 -5.441 1.079, 8 0.382 3.749 -1.728, 9 0.364 5.021 -2.224, 10 0.271 5.088 -2.099, 11 0.260 5.121 -2.408, 12 0.400 5.189 -2.008, 13 0.232 4.827 -2.915, 14 0.681 5.082 -1.782, 15 -0.036 3.595 -2.755, 16 -0.306 2.050 -1.934, 17 -0.703 0.467 -1.020, 18 0.800 3.903 -0.700, 19 0.902 2.437 0.142, 20 0.956 0.998 1.097,
0 -0.000 0.970 0.000, 1 0.162 2.367 -0.838, 2 0.384 1.062 0.491, 3 0.315 -1.947 1.409, 4 -0.409 -5.177 1.406, 5 -0.384 0.878 -0.491, 6 -0.408 -2.186 0.572, 7 -1.310 -5.443 1.073, 8 0.324 3.764 -1.677, 9 0.313 5.029 -2.197, 10 0.224 5.088 -2.102, 11 0.213 5.121 -2.411, 12 0.353 5.189 -2.012, 13 0.169 4.859 -2.799, 14 0.634 5.082 -1.785, 15 -0.105 3.624 -2.651, 16 -0.352 2.050 -1.935, 17 -0.749 0.466 -1.021, 18 0.753 3.903 -0.702, 19 0.854 2.451 0.240, 20 0.909 0.998 1.095,
0 0.000 0.970 0.000, 1 0.142 2.366 -0.840, 2 0.341 1.060 0.487, 3 0.288 -1.953 1.325, 4 -0.322 -5.142 1.376, 5 -0.341 0.880 -0.487, 6 -0.453 -2.188 0.566, 7 -1.364 -5.456 1.060, 8 0.285 3.763 -1.679, 9 0.275 5.028 -2.198, 10 0.187 5.087 -2.103, 11 0.176 5.120 -2.412, 12 0.315 5.188 -2.012, 13 0.131 4.858 -2.801, 14 0.596 5.080 -1.785, 15 -0.144 3.624 -2.655, 16 -0.392 2.050 -1.941, 17 -0.790 0.467 -1.027, 18 0.713 3.902 -0.704, 19 0.814 2.435 0.138, 20 0.867 0.996 1.093,
0 -0.000 0.970 -0.000, 1 0.142 2.368 -0.870, 2 0.329 1.070 0.532, 3 0.272 -1.947 1.368, 4 -0.322 -5.127 1.341, 5 -0.329 0.870 -0.532, 6 -0.471 -2.180 0.607, 7 -1.350 -5.442 1.025, 8 0.284 3.765 -1.740, 9 0.270 5.035 -2.179, 10 0.177 5.102 -2.054, 11 0.166 5.135 -2.362, 12 0.306 5.203 -1.963, 13 0.137 4.841 -2.872, 14 0.587 5.095 -1.736, 15 -0.137 3.637 -2.713, 16 -0.406 2.064 -1.898, 17 -0.768 0.449 -1.067, 18 0.706 3.894 -0.766, 19 0.890 2.441 0.189, 20 0.955 1.004 1.136,
0 0.000 0.970 0.000, 1 0.143 2.375 -0.839, 2 0.342 1.060 0.488, 3 0.285 -1.959 1.324, 4 -0.340 -5.168 1.360, 5 -0.342 0.880 -0.488, 6 -0.458 -2.193 0.564, 7 -1.388 -5.482 1.044, 8 0.286 3.781 -1.678, 9 0.284 5.025 -2.227, 10 0.191 5.092 -2.102, 11 0.180 5.125 -2.411, 12 0.380 5.183 -2.000, 13 0.152 4.831 -2.920, 14 0.601 5.085 -1.784, 15 -0.145 3.656 -2.653, 16 -0.391 2.053 -1.942, 17 -0.752 0.437 -1.110, 18 0.717 3.905 -0.703, 19 0.903 2.431 0.144, 20 0.967 0.994 1.092,
0 -0.000 0.970 -0.000, 1 0.142 2.374 -0.838, 2 0.341 1.060 0.487, 3 0.266 -1.954 1.400, 4 -0.276 -5.047 1.466, 5 -0.341 0.880 -0.487, 6 -0.457 -2.190 0.562, 7 -1.395 -5.483 1.031, 8 0.285 3.779 -1.677, 9 0.278 5.031 -2.197, 10 0.189 5.089 -2.102, 11 0.179 5.122 -2.410, 12 0.318 5.190 -2.011, 13 0.134 4.861 -2.799, 14 0.598 5.082 -1.783, 15 -0.146 3.655 -2.651, 16 -0.390 2.052 -1.940, 17 -0.750 0.464 -1.089, 18 0.716 3.903 -0.702, 19 0.901 2.430 0.144, 20 0.966 0.994 1.091,
0 -0.000 0.970 0.000, 1 0.144 2.374 -0.842, 2 0.337 1.062 0.487, 3 0.271 -1.906 1.446, 4 -0.289 -5.046 1.477, 5 -0.337 0.878 -0.487, 6 -0.490 -2.180 0.645, 7 -1.403 -5.485 1.037, 8 0.287 3.778 -1.685, 9 0.318 5.044 -2.187, 10 0.253 5.077 -2.103, 11 0.241 5.110 -2.411, 12 0.372 5.209 -1.891, 13 0.170 4.912 -2.865, 14 0.595 5.109 -1.676, 15 -0.137 3.652 -2.660, 16 -0.315 2.073 -1.916, 17 -0.778 0.419 -1.178, 18 0.711 3.904 -0.710, 19 0.893 2.447 0.241, 20 1.053 1.004 1.183,
0 -0.000 0.970 0.000, 1 0.146 2.366 -0.844, 2 0.331 1.062 0.488, 3 0.266 -1.981 1.324, 4 -0.326 -5.129 1.439, 5 -0.331 0.878 -0.488, 6 -0.453 -2.212 0.559, 7 -1.384 -5.539 0.917, 8 0.293 3.761 -1.687, 9 0.328 4.991 -2.228, 10 0.266 5.054 -2.097, 11 0.254 5.086 -2.405, 12 0.393 5.153 -2.006, 13 0.172 4.802 -2.926, 14 0.608 5.057 -1.792, 15 -0.125 3.635 -2.661, 16 -0.273 2.008 -2.024, 17 -0.711 0.458 -1.364, 18 0.710 3.887 -0.713, 19 0.967 2.421 0.142, 20 1.229 1.007 1.181,
0 -0.000 0.970 0.000, 1 0.155 2.368 -0.827, 2 0.377 1.062 0.483, 3 0.307 -1.907 1.390, 4 -0.270 -5.120 1.436, 5 -0.377 0.878 -0.483, 6 -0.538 -2.150 0.638, 7 -1.284 -5.350 1.063, 8 0.310 3.766 -1.653, 9 0.283 5.041 -2.167, 10 0.206 5.076 -2.088, 11 0.223 5.160 -2.440, 12 0.360 5.228 -2.045, 13 0.180 4.902 -2.824, 14 0.542 5.110 -1.667, 15 -0.111 3.623 -2.610, 16 -0.334 2.143 -1.973, 17 -0.704 0.545 -1.490, 18 0.731 3.909 -0.696, 19 0.919 2.471 0.249, 20 1.280 1.057 1.268,
0 0.000 0.970 0.000, 1 0.142 2.369 -0.858, 2 0.319 1.069 0.527, 3 0.257 -1.911 1.368, 4 -0.365 -5.202 1.366, 5 -0.319 0.871 -0.527, 6 -0.464 -2.141 0.610, 7 -1.363 -5.425 0.985, 8 0.283 3.768 -1.716, 9 0.312 5.018 -2.223, 10 0.249 5.050 -2.141, 11 0.198 5.176 -2.384, 12 0.383 5.267 -1.984, 13 0.170 4.886 -2.892, 14 0.581 5.084 -1.720, 15 -0.127 3.638 -2.675, 16 -0.346 2.130 -2.034, 17 -0.711 0.530 -1.541, 18 0.693 3.898 -0.757, 19 0.952 2.460 0.199, 20 1.416 1.124 1.256,
0 0.000 0.970 0.000, 1 0.155 2.359 -0.832, 2 0.332 1.063 0.482, 3 0.260 -1.915 1.411, 4 -0.364 -5.223 1.401, 5 -0.332 0.877 -0.482, 6 -0.456 -2.195 0.541, 7 -1.382 -5.450 1.022, 8 0.311 3.748 -1.665, 9 0.312 5.000 -2.203, 10 0.246 5.039 -2.091, 11 0.200 5.166 -2.461, 12 0.364 5.174 -2.008, 13 0.165 4.876 -2.842, 14 0.589 5.043 -1.787, 15 -0.080 3.619 -2.619, 16 -0.334 2.109 -2.081, 17 -0.727 0.459 -1.666, 18 0.702 3.878 -0.711, 19 1.051 2.424 0.242, 20 1.532 1.128 1.298,
0 0.000 0.970 -0.000, 1 0.157 2.391 -0.841, 2 0.333 1.060 0.480, 3 0.265 -1.870 1.425, 4 -0.345 -5.154 1.425, 5 -0.333 0.880 -0.480, 6 -0.485 -2.140 0.633, 7 -1.361 -5.383 1.047, 8 0.314 3.813 -1.683, 9 0.301 5.030 -2.190, 10 0.236 5.070 -2.079, 11 0.197 5.164 -2.442, 12 0.321 5.263 -1.927, 13 0.154 4.907 -2.826, 14 0.579 5.074 -1.776, 15 -0.068 3.715 -2.667, 16 -0.291 2.187 -2.224, 17 -0.699 0.525 -1.868, 18 0.696 3.911 -0.699, 19 1.044 2.517 0.361, 20 1.636 1.173 1.393,
0 -0.000 0.970 -0.000, 1 0.141 2.387 -0.839, 2 0.333 1.059 0.477, 3 0.257 -1.901 1.380, 4 -0.320 -5.102 1.438, 5 -0.333 0.881 -0.477, 6 -0.447 -2.134 0.555, 7 -1.418 -5.445 0.943, 8 0.282 3.803 -1.678, 9 0.286 5.058 -2.215, 10 0.200 5.115 -2.123, 11 0.182 5.180 -2.431, 12 0.325 5.214 -2.033, 13 0.146 4.892 -2.807, 14 0.599 5.109 -1.809, 15 -0.129 3.709 -2.663, 16 -0.328 2.153 -2.314, 17 -0.685 0.463 -1.997, 18 0.693 3.897 -0.692, 19 1.128 2.502 0.364, 20 1.846 1.286 1.517,
0 0.000 0.970 0.000, 1 0.162 2.405 -0.850, 2 0.334 1.061 0.476, 3 0.262 -1.866 1.412, 4 -0.367 -5.162 1.392, 5 -0.334 0.879 -0.476, 6 -0.458 -2.149 0.551, 7 -1.392 -5.394 1.016, 8 0.323 3.839 -1.700, 9 0.324 5.088 -2.202, 10 0.260 5.121 -2.120, 11 0.222 5.215 -2.481, 12 0.387 5.220 -2.031, 13 0.180 4.958 -2.866, 14 0.598 5.153 -1.701, 15 -0.067 3.712 -2.649, 16 -0.308 2.234 -2.391, 17 -0.650 0.475 -2.213, 18 0.713 3.967 -0.751, 19 1.229 2.580 0.407, 20 2.061 1.400 1.557,
0 0.000 0.970 0.000, 1 0.168 2.408 -0.849, 2 0.380 1.060 0.482, 3 0.309 -1.870 1.411, 4 -0.323 -5.182 1.375, 5 -0.380 0.880 -0.482, 6 -0.406 -2.111 0.585, 7 -1.327 -5.477 0.997, 8 0.336 3.846 -1.698, 9 0.337 5.092 -2.224, 10 0.242 5.136 -2.118, 11 0.232 5.169 -2.421, 12 0.369 5.236 -2.029, 13 0.217 4.965 -2.854, 14 0.646 5.130 -1.805, 15 -0.087 3.723 -2.657, 16 -0.305 2.210 -2.493, 17 -0.578 0.499 -2.437, 18 0.759 3.969 -0.739, 19 1.283 2.591 0.513, 20 2.335 1.555 1.558,
0 0.000 0.970 -0.000, 1 0.164 2.362 -0.839, 2 0.333 1.037 0.472, 3 0.374 -1.868 1.313, 4 -0.366 -5.255 1.368, 5 -0.333 0.903 -0.472, 6 -0.460 -2.208 0.640, 7 -1.235 -5.427 0.991, 8 0.329 3.754 -1.679, 9 0.323 5.012 -2.185, 10 0.251 5.067 -2.046, 11 0.183 5.108 -2.359, 12 0.406 5.218 -2.003, 13 0.193 4.841 -2.903, 14 0.595 5.071 -1.746, 15 -0.049 3.596 -2.679, 16 -0.359 2.191 -2.602, 17 -0.558 0.534 -2.667, 18 0.706 3.913 -0.679, 19 1.411 2.598 0.623, 20 2.475 1.615 1.661,
0 0.000 0.970 -0.000, 1 0.151 2.349 -0.841, 2 0.342 1.055 0.481, 3 0.284 -1.873 1.319, 4 -0.285 -5.145 1.448, 5 -0.342 0.885 -0.481, 6 -0.477 -2.234 0.603, 7 -1.410 -5.591 1.021, 8 0.302 3.728 -1.683, 9 0.290 4.986 -2.182, 10 0.190 5.038 -2.048, 11 0.171 5.105 -2.356, 12 0.310 5.173 -1.965, 13 0.180 4.837 -2.898, 14 0.602 5.030 -1.735, 15 -0.119 3.594 -2.690, 16 -0.348 2.169 -2.680, 17 -0.521 0.641 -2.969, 18 0.722 3.862 -0.675, 19 1.440 2.680 0.578, 20 2.744 1.840 1.617,
0 -0.000 0.970 0.000, 1 0.148 2.357 -0.840, 2 0.340 1.036 0.472, 3 0.277 -1.892 1.300, 4 -0.319 -5.193 1.392, 5 -0.340 0.904 -0.472, 6 -0.466 -2.211 0.622, 7 -1.343 -5.430 1.022, 8 0.297 3.745 -1.680, 9 0.270 5.004 -2.185, 10 0.185 5.054 -2.048, 11 0.174 5.087 -2.350, 12 0.333 5.240 -2.010, 13 0.175 4.852 -2.898, 14 0.533 5.056 -1.746, 15 -0.122 3.609 -2.686, 16 -0.358 2.252 -2.845, 17 -0.443 0.753 -3.246, 18 0.716 3.880 -0.674, 19 1.525 2.810 0.636, 20 2.934 2.066 1.631,
0 -0.000 0.970 -0.000, 1 0.155 2.388 -0.888, 2 0.335 1.061 0.521, 3 0.272 -1.861 1.335, 4 -0.313 -5.151 1.427, 5 -0.335 0.879 -0.521, 6 -0.453 -2.187 0.586, 7 -1.415 -5.574 0.934, 8 0.310 3.807 -1.775, 9 0.273 5.057 -2.204, 10 0.202 5.105 -2.138, 11 0.191 5.138 -2.439, 12 0.329 5.204 -2.050, 13 0.148 4.882 -2.817, 14 0.541 5.136 -1.721, 15 -0.106 3.672 -2.780, 16 -0.364 2.293 -3.043, 17 -0.410 0.935 -3.657, 18 0.726 3.941 -0.771, 19 1.635 2.937 0.586, 20 3.069 2.240 1.667,
0 0.000 0.970 0.000, 1 0.196 2.452 -0.915, 2 0.330 1.072 0.525, 3 0.374 -1.812 1.305, 4 -0.196 -5.029 1.368, 5 -0.330 0.868 -0.525, 6 -0.378 -2.043 0.550, 7 -1.223 -5.269 0.992, 8 0.393 3.933 -1.830, 9 0.338 5.142 -2.286, 10 0.272 5.176 -2.204, 11 0.277 5.293 -2.436, 12 0.418 5.360 -2.040, 13 0.195 5.009 -2.956, 14 0.612 5.210 -1.781, 15 -0.032 3.809 -2.798, 16 -0.261 2.438 -3.333, 17 -0.306 1.190 -3.948, 18 0.817 4.057 -0.861, 19 1.826 3.153 0.577, 20 3.269 2.653 1.604,
0 -0.000 0.970 0.000, 1 0.193 2.410 -0.879, 2 0.337 1.061 0.500, 3 0.377 -1.880 1.328, 4 -0.204 -5.081 1.356, 5 -0.337 0.879 -0.500, 6 -0.363 -2.217 0.625, 7 -1.215 -5.314 0.954, 8 0.386 3.851 -1.757, 9 0.341 5.077 -2.193, 10 0.269 5.136 -2.079, 11 0.260 5.168 -2.394, 12 0.399 5.239 -1.987, 13 0.199 4.932 -2.852, 14 0.628 5.104 -1.761, 15 -0.044 3.732 -2.698, 16 -0.286 2.511 -3.430, 17 -0.231 1.261 -4.208, 18 0.815 3.970 -0.816, 19 1.915 3.148 0.625, 20 3.461 2.842 1.611,
0 -0.000 0.970 0.000, 1 0.185 2.392 -0.846, 2 0.332 1.057 0.461, 3 0.257 -1.970 1.401, 4 -0.334 -5.125 1.416, 5 -0.332 0.883 -0.461, 6 -0.442 -2.204 0.602, 7 -1.409 -5.548 0.944, 8 0.370 3.815 -1.692, 9 0.297 5.060 -2.142, 10 0.209 5.105 -2.027, 11 0.196 5.141 -2.350, 12 0.349 5.211 -1.931, 13 0.179 4.923 -2.812, 14 0.590 5.105 -1.704, 15 -0.068 3.675 -2.650, 16 -0.291 2.513 -3.555, 17 -0.217 1.572 -4.566, 18 0.807 3.955 -0.734, 19 1.922 3.310 0.635, 20 3.471 3.099 1.614,
0 -0.000 0.970 0.000, 1 0.188 2.402 -0.885, 2 0.352 1.069 0.526, 3 0.303 -1.813 1.301, 4 -0.342 -5.233 1.307, 5 -0.352 0.871 -0.526, 6 -0.509 -2.193 0.588, 7 -1.298 -5.425 0.959, 8 0.377 3.835 -1.770, 9 0.308 5.063 -2.207, 10 0.253 5.104 -2.080, 11 0.182 5.148 -2.426, 12 0.380 5.249 -1.989, 13 0.170 4.925 -2.904, 14 0.555 5.118 -1.762, 15 -0.079 3.656 -2.728, 16 -0.273 2.642 -3.824, 17 -0.117 1.757 -4.928, 18 0.833 4.014 -0.813, 19 2.015 3.488 0.665, 20 3.608 3.362 1.534,
0 0.000 0.970 0.000, 1 0.195 2.415 -0.861, 2 0.374 1.061 0.490, 3 0.310 -1.845 1.398, 4 -0.325 -5.198 1.387, 5 -0.374 0.879 -0.490, 6 -0.429 -2.216 0.668, 7 -1.323 -5.406 1.026, 8 0.391 3.860 -1.722, 9 0.331 5.045 -2.140, 10 0.248 5.115 -1.999, 11 0.237 5.152 -2.340, 12 0.390 5.227 -1.899, 13 0.191 4.863 -2.770, 14 0.637 5.086 -1.794, 15 -0.076 3.730 -2.740, 16 -0.199 2.804 -3.948, 17 0.005 2.002 -5.192, 18 0.858 3.989 -0.704, 19 2.078 3.645 0.590, 20 3.708 3.621 1.457,
0 0.000 0.970 0.000, 1 0.184 2.414 -0.901, 2 0.346 1.060 0.483, 3 0.301 -1.872 1.265, 4 -0.348 -5.196 1.344, 5 -0.346 0.880 -0.483, 6 -0.446 -2.209 0.587, 7 -1.194 -5.328 0.917, 8 0.368 3.857 -1.803, 9 0.292 5.030 -2.248, 10 0.201 5.077 -2.127, 11 0.189 5.114 -2.467, 12 0.344 5.189 -2.028, 13 0.175 4.884 -2.948, 14 0.592 5.081 -1.789, 15 -0.118 3.683 -2.844, 16 -0.225 2.855 -4.124, 17 0.015 2.360 -5.498, 18 0.854 4.032 -0.761, 19 2.134 3.798 0.589, 20 3.665 4.005 1.413,
0 0.000 0.970 0.000, 1 0.227 2.420 -0.896, 2 0.340 1.061 0.493, 3 0.406 -1.893 1.296, 4 -0.355 -5.255 1.338, 5 -0.340 0.879 -0.493, 6 -0.449 -2.145 0.526, 7 -1.221 -5.416 0.972, 8 0.454 3.870 -1.792, 9 0.343 5.017 -2.228, 10 0.276 5.045 -2.086, 11 0.233 5.151 -2.498, 12 0.385 5.228 -2.050, 13 0.190 4.858 -2.932, 14 0.628 5.119 -1.808, 15 -0.019 3.705 -2.882, 16 -0.203 3.008 -4.312, 17 0.136 2.796 -5.848, 18 0.927 4.034 -0.702, 19 2.224 3.979 0.561, 20 3.602 4.307 1.266,
0 0.000 0.970 0.000, 1 0.215 2.397 -0.926, 2 0.331 1.057 0.474, 3 0.389 -1.921 1.290, 4 -0.388 -5.252 1.245, 5 -0.331 0.883 -0.474, 6 -0.444 -2.162 0.550, 7 -1.238 -5.491 0.966, 8 0.430 3.824 -1.852, 9 0.322 5.028 -2.252, 10 0.233 5.074 -2.133, 11 0.224 5.109 -2.465, 12 0.372 5.183 -2.036, 13 0.210 4.885 -2.939, 14 0.609 5.077 -1.803, 15 -0.049 3.658 -2.968, 16 -0.170 3.202 -4.525, 17 0.243 3.051 -6.202, 18 0.910 3.989 -0.736, 19 2.251 4.096 0.550, 20 3.471 4.538 1.194,
0 -0.000 0.970 0.000, 1 0.206 2.436 -0.885, 2 0.354 1.066 0.507, 3 0.276 -1.949 1.418, 4 -0.342 -5.233 1.427, 5 -0.354 0.874 -0.507, 6 -0.512 -2.187 0.620, 7 -1.282 -5.417 1.027, 8 0.412 3.902 -1.771, 9 0.313 5.009 -2.187, 10 0.242 5.051 -2.069, 11 0.171 5.095 -2.402, 12 0.344 5.222 -2.035, 13 0.159 4.879 -2.858, 14 0.608 5.054 -1.750, 15 -0.099 3.720 -2.885, 16 -0.155 3.310 -4.583, 17 0.271 3.442 -6.347, 18 0.923 4.084 -0.656, 19 2.215 4.333 0.545, 20 3.362 4.925 1.132,
0 -0.000 0.970 -0.000, 1 0.219 2.442 -0.934, 2 0.351 1.060 0.501, 3 0.390 -1.905 1.298, 4 -0.331 -5.145 1.344, 5 -0.351 0.880 -0.501, 6 -0.383 -2.236 0.596, 7 -1.252 -5.424 1.004, 8 0.438 3.913 -1.869, 9 0.342 5.035 -2.196, 10 0.275 5.099 -2.063, 11 0.254 5.169 -2.383, 12 0.399 5.239 -1.976, 13 0.180 4.842 -2.910, 14 0.637 5.101 -1.749, 15 -0.046 3.763 -2.998, 16 -0.075 3.479 -4.758, 17 0.408 3.838 -6.619, 18 0.922 4.063 -0.740, 19 2.191 4.468 0.358, 20 3.189 5.225 0.910,
0 -0.000 0.970 0.000, 1 0.195 2.431 -0.934, 2 0.307 1.060 0.494, 3 0.349 -1.884 1.290, 4 -0.241 -5.143 1.467, 5 -0.307 0.880 -0.494, 6 -0.425 -2.215 0.589, 7 -1.220 -5.426 0.888, 8 0.391 3.892 -1.868, 9 0.299 4.944 -2.167, 10 0.204 4.982 -2.014, 11 0.221 5.072 -2.375, 12 0.356 5.176 -1.977, 13 0.194 4.775 -2.889, 14 0.594 5.037 -1.751, 15 -0.091 3.738 -2.987, 16 -0.063 3.616 -4.902, 17 0.465 4.095 -6.744, 18 0.872 4.046 -0.748, 19 2.151 4.573 0.403, 20 3.048 5.479 0.771,
0 -0.000 0.970 0.000, 1 0.194 2.431 -0.948, 2 0.374 1.096 0.426, 3 0.310 -1.868 1.376, 4 -0.330 -5.310 1.392, 5 -0.374 0.844 -0.426, 6 -0.497 -2.252 0.613, 7 -1.279 -5.492 1.001, 8 0.389 3.893 -1.896, 9 0.321 4.941 -2.215, 10 0.251 4.983 -2.097, 11 0.178 5.028 -2.431, 12 0.377 5.125 -2.009, 13 0.165 4.812 -2.888, 14 0.619 4.985 -1.777, 15 -0.075 3.746 -2.986, 16 -0.055 3.763 -4.948, 17 0.420 4.350 -6.653, 18 0.852 4.039 -0.806, 19 2.055 4.643 0.380, 20 2.857 5.675 0.614,
0 -0.000 0.970 -0.000, 1 0.204 2.447 -0.921, 2 0.373 1.058 0.473, 3 0.306 -1.887 1.372, 4 -0.322 -5.240 1.386, 5 -0.373 0.882 -0.473, 6 -0.531 -2.223 0.712, 7 -1.318 -5.446 1.052, 8 0.408 3.924 -1.842, 9 0.303 4.974 -2.114, 10 0.210 4.997 -1.935, 11 0.166 5.100 -2.328, 12 0.380 5.162 -1.890, 13 0.171 4.844 -2.925, 14 0.619 5.056 -1.661, 15 -0.040 3.784 -2.891, 16 0.002 3.878 -4.987, 17 0.449 4.520 -6.615, 18 0.857 4.063 -0.793, 19 1.994 4.801 0.368, 20 2.748 5.922 0.581,
0 0.000 0.970 0.000, 1 0.187 2.400 -0.918, 2 0.336 1.116 0.455, 3 0.277 -1.968 1.371, 4 -0.337 -5.335 1.448, 5 -0.336 0.824 -0.455, 6 -0.454 -2.233 0.572, 7 -1.277 -5.617 0.964, 8 0.375 3.830 -1.835, 9 0.291 4.845 -2.123, 10 0.197 4.866 -1.989, 11 0.217 4.962 -2.375, 12 0.368 5.033 -1.942, 13 0.201 4.740 -2.854, 14 0.569 4.908 -1.663, 15 -0.081 3.699 -2.843, 16 -0.035 3.931 -4.955, 17 0.480 4.663 -6.518, 18 0.830 3.960 -0.827, 19 1.874 4.813 0.187, 20 2.547 5.971 0.416,
0 0.000 0.970 -0.000, 1 0.162 2.440 -0.916, 2 0.327 1.065 0.488, 3 0.267 -1.885 1.391, 4 -0.342 -5.213 1.420, 5 -0.327 0.875 -0.488, 6 -0.470 -2.258 0.656, 7 -1.453 -5.657 0.989, 8 0.323 3.910 -1.832, 9 0.284 4.900 -2.199, 10 0.200 4.938 -2.110, 11 0.175 5.010 -2.318, 12 0.328 5.084 -1.876, 13 0.160 4.781 -2.806, 14 0.577 4.943 -1.770, 15 -0.093 3.755 -2.861, 16 -0.116 4.102 -4.791, 17 0.387 4.884 -6.223, 18 0.740 4.064 -0.804, 19 1.710 4.876 0.124, 20 2.275 6.098 0.245,
0 0.000 0.970 -0.000, 1 0.183 2.434 -0.932, 2 0.285 1.105 0.454, 3 0.323 -1.956 1.432, 4 -0.456 -5.392 1.445, 5 -0.285 0.835 -0.454, 6 -0.538 -2.351 0.696, 7 -1.263 -5.516 0.988, 8 0.367 3.897 -1.864, 9 0.302 4.857 -2.174, 10 0.215 4.871 -2.019, 11 0.235 4.969 -2.420, 12 0.357 4.984 -1.920, 13 0.219 4.740 -2.913, 14 0.560 4.946 -1.743, 15 -0.062 3.773 -2.841, 16 -0.129 4.161 -4.676, 17 0.414 5.020 -6.166, 18 0.795 4.022 -0.887, 19 1.679 4.928 0.168, 20 2.100 6.224 0.133,
0 0.000 0.970 -0.000, 1 0.179 2.427 -0.922, 2 0.334 1.061 0.495, 3 0.260 -1.926 1.380, 4 -0.359 -5.258 1.425, 5 -0.334 0.879 -0.495, 6 -0.482 -2.249 0.676, 7 -1.233 -5.512 1.126, 8 0.359 3.884 -1.844, 9 0.277 4.865 -2.167, 10 0.186 4.912 -2.045, 11 0.176 4.949 -2.389, 12 0.328 5.026 -1.945, 13 0.164 4.718 -2.876, 14 0.572 4.918 -1.703, 15 -0.048 3.705 -2.776, 16 -0.105 4.234 -4.543, 17 0.325 5.196 -5.744, 18 0.765 4.063 -0.912, 19 1.562 4.986 0.140, 20 1.926 6.327 -0.056,
0 -0.000 0.970 -0.000, 1 0.172 2.382 -0.895, 2 0.341 1.040 0.491, 3 0.279 -2.017 1.478, 4 -0.302 -5.334 1.439, 5 -0.341 0.900 -0.491, 6 -0.480 -2.247 0.694, 7 -1.375 -5.588 1.162, 8 0.345 3.794 -1.789, 9 0.256 4.783 -2.117, 10 0.166 4.820 -1.993, 11 0.186 4.920 -2.395, 12 0.311 4.934 -1.892, 13 0.140 4.627 -2.830, 14 0.552 4.864 -1.654, 15 -0.078 3.634 -2.725, 16 -0.147 4.279 -4.461, 17 0.242 5.301 -5.501, 18 0.767 3.954 -0.853, 19 1.378 4.939 0.063, 20 1.745 6.296 -0.142,
0 -0.000 0.970 0.000, 1 0.187 2.406 -0.950, 2 0.356 1.055 0.457, 3 0.284 -2.025 1.379, 4 -0.296 -5.244 1.457, 5 -0.356 0.885 -0.457, 6 -0.468 -2.256 0.574, 7 -1.268 -5.536 0.937, 8 0.373 3.841 -1.899, 9 0.348 4.842 -2.240, 10 0.271 4.852 -2.092, 11 0.248 4.929 -2.452, 12 0.407 5.008 -1.996, 13 0.264 4.755 -3.016, 14 0.588 4.908 -1.759, 15 -0.040 3.654 -2.856, 16 -0.121 4.388 -4.354, 17 0.212 5.432 -5.188, 18 0.787 4.029 -0.943, 19 1.416 5.069 -0.184, 20 1.602 6.422 -0.353,
0 -0.000 0.970 0.000, 1 0.149 2.391 -0.902, 2 0.347 1.054 0.455, 3 0.284 -1.984 1.387, 4 -0.469 -5.298 1.425, 5 -0.347 0.886 -0.455, 6 -0.447 -2.213 0.584, 7 -1.321 -5.461 1.021, 8 0.299 3.811 -1.804, 9 0.284 4.805 -2.226, 10 0.192 4.853 -2.100, 11 0.183 4.890 -2.454, 12 0.335 4.968 -1.998, 13 0.171 4.654 -2.954, 14 0.579 4.859 -1.749, 15 -0.073 3.687 -2.720, 16 -0.235 4.389 -4.001, 17 0.079 5.448 -4.835, 18 0.671 3.935 -0.888, 19 1.196 4.989 -0.142, 20 1.385 6.335 -0.312,
0 -0.000 0.970 0.000, 1 0.149 2.423 -0.944, 2 0.334 1.063 0.485, 3 0.278 -1.845 1.392, 4 -0.344 -5.187 1.387, 5 -0.334 0.877 -0.485, 6 -0.470 -2.111 0.578, 7 -1.369 -5.503 1.101, 8 0.299 3.876 -1.889, 9 0.302 4.850 -2.171, 10 0.235 4.842 -2.014, 11 0.240 4.979 -2.414, 12 0.397 5.052 -1.976, 13 0.165 4.762 -2.909, 14 0.573 4.954 -1.749, 15 -0.074 3.721 -2.735, 16 -0.247 4.485 -3.920, 17 -0.037 5.624 -4.441, 18 0.671 4.030 -1.043, 19 1.097 5.089 -0.205, 20 1.134 6.386 -0.367,
0 0.000 0.970 -0.000, 1 0.189 2.410 -0.942, 2 0.327 1.061 0.479, 3 0.381 -1.912 1.419, 4 -0.390 -5.302 1.366, 5 -0.327 0.879 -0.479, 6 -0.436 -2.210 0.547, 7 -1.203 -5.522 1.001, 8 0.379 3.851 -1.883, 9 0.361 4.775 -2.286, 10 0.279 4.802 -2.166, 11 0.251 4.874 -2.369, 12 0.406 4.948 -2.075, 13 0.242 4.653 -2.973, 14 0.643 4.844 -1.839, 15 0.015 3.734 -2.748, 16 -0.231 4.456 -3.707, 17 -0.036 5.566 -4.208, 18 0.743 3.967 -1.019, 19 0.966 4.952 -0.293, 20 1.030 6.277 -0.507,
0 -0.000 0.970 -0.000, 1 0.184 2.384 -0.873, 2 0.331 1.045 0.427, 3 0.355 -1.961 1.512, 4 -0.433 -5.433 1.495, 5 -0.331 0.895 -0.427, 6 -0.457 -2.246 0.648, 7 -1.234 -5.550 1.073, 8 0.368 3.798 -1.746, 9 0.359 4.776 -2.174, 10 0.274 4.820 -2.057, 11 0.246 4.890 -2.257, 12 0.409 4.928 -1.962, 13 0.244 4.638 -2.851, 14 0.643 4.824 -1.729, 15 -0.001 3.636 -2.568, 16 -0.286 4.393 -3.387, 17 -0.135 5.486 -3.685, 18 0.737 3.959 -0.924, 19 0.893 4.895 -0.201, 20 0.736 6.134 -0.336,
0 0.000 0.970 -0.000, 1 0.161 2.381 -0.920, 2 0.351 1.058 0.470, 3 0.271 -1.947 1.537, 4 -0.284 -5.222 1.527, 5 -0.351 0.882 -0.470, 6 -0.507 -2.227 0.679, 7 -1.301 -5.540 1.063, 8 0.323 3.793 -1.840, 9 0.328 4.764 -2.125, 10 0.272 4.771 -1.987, 11 0.191 4.851 -2.328, 12 0.334 4.922 -1.911, 13 0.205 4.693 -2.843, 14 0.561 4.822 -1.682, 15 -0.017 3.678 -2.682, 16 -0.320 4.292 -3.225, 17 -0.349 5.482 -3.309, 18 0.662 3.908 -0.998, 19 0.806 4.677 -0.235, 20 0.601 5.997 -0.425,
0 0.000 0.970 0.000, 1 0.157 2.399 -0.910, 2 0.339 1.060 0.502, 3 0.269 -1.868 1.423, 4 -0.363 -5.274 1.429, 5 -0.339 0.880 -0.502, 6 -0.460 -2.245 0.592, 7 -1.411 -5.590 1.101, 8 0.314 3.828 -1.820, 9 0.313 4.819 -2.197, 10 0.233 4.861 -2.086, 11 0.221 4.896 -2.400, 12 0.353 4.999 -2.000, 13 0.204 4.690 -2.845, 14 0.583 4.865 -1.773, 15 -0.031 3.735 -2.580, 16 -0.425 4.085 -3.143, 17 -0.393 5.322 -3.054, 18 0.660 3.921 -1.061, 19 0.720 4.533 -0.278, 20 0.489 5.716 -0.420,
0 -0.000 0.970 -0.000, 1 0.157 2.411 -0.901, 2 0.331 1.062 0.490, 3 0.257 -1.939 1.433, 4 -0.387 -5.298 1.405, 5 -0.331 0.878 -0.490, 6 -0.479 -2.169 0.662, 7 -1.409 -5.518 1.023, 8 0.315 3.852 -1.801, 9 0.324 4.833 -2.168, 10 0.226 4.882 -1.999, 11 0.205 4.950 -2.312, 12 0.345 5.017 -1.915, 13 0.236 4.740 -2.917, 14 0.607 4.829 -1.755, 15 -0.020 3.750 -2.602, 16 -0.407 4.031 -2.961, 17 -0.594 5.193 -2.684, 18 0.650 3.955 -1.000, 19 0.688 4.477 -0.299, 20 0.285 5.566 -0.416,
0 0.000 0.970 0.000, 1 0.160 2.385 -0.934, 2 0.335 1.058 0.483, 3 0.259 -1.908 1.395, 4 -0.384 -5.325 1.408, 5 -0.335 0.882 -0.483, 6 -0.450 -2.139 0.559, 7 -1.376 -5.525 0.970, 8 0.321 3.800 -1.868, 9 0.303 4.774 -2.188, 10 0.192 4.797 -2.029, 11 0.196 4.917 -2.387, 12 0.343 4.951 -1.993, 13 0.229 4.707 -2.979, 14 0.600 4.793 -1.716, 15 -0.011 3.697 -2.654, 16 -0.419 3.884 -2.941, 17 -0.644 4.980 -2.382, 18 0.652 3.902 -1.082, 19 0.587 4.396 -0.245, 20 -0.100 5.341 -0.418,
0 -0.000 0.970 -0.000, 1 0.191 2.412 -0.922, 2 0.334 1.042 0.474, 3 0.258 -1.922 1.388, 4 -0.383 -5.333 1.404, 5 -0.334 0.898 -0.474, 6 -0.449 -2.154 0.552, 7 -1.413 -5.555 1.035, 8 0.383 3.854 -1.844, 9 0.308 4.803 -2.210, 10 0.217 4.831 -2.089, 11 0.231 4.919 -2.442, 12 0.369 4.984 -2.050, 13 0.179 4.695 -3.002, 14 0.618 4.855 -1.660, 15 0.063 3.737 -2.716, 16 -0.434 3.804 -2.654, 17 -0.606 4.798 -2.135, 18 0.702 3.972 -0.973, 19 0.584 4.236 -0.205, 20 -0.057 5.145 -0.407,
0 0.000 0.970 0.000, 1 0.155 2.449 -0.944, 2 0.336 1.060 0.483, 3 0.283 -1.859 1.433, 4 -0.426 -5.240 1.537, 5 -0.336 0.880 -0.483, 6 -0.580 -2.244 0.714, 7 -1.398 -5.537 1.034, 8 0.311 3.929 -1.888, 9 0.285 4.823 -2.126, 10 0.198 4.849 -1.975, 11 0.182 4.885 -2.278, 12 0.327 4.948 -1.887, 13 0.203 4.708 -2.878, 14 0.541 4.887 -1.677, 15 -0.008 3.760 -2.737, 16 -0.401 3.666 -2.583, 17 -0.863 4.518 -1.565, 18 0.629 4.098 -1.040, 19 0.477 4.073 -0.112, 20 -0.360 4.801 -0.487,
0 0.000 0.970 0.000, 1 0.184 2.426 -0.996, 2 0.293 1.061 0.487, 3 0.324 -1.934 1.426, 4 -0.414 -5.300 1.441, 5 -0.293 0.879 -0.487, 6 -0.492 -2.194 0.585, 7 -1.301 -5.471 1.049, 8 0.368 3.881 -1.992, 9 0.326 4.824 -2.224, 10 0.263 4.854 -2.111, 11 0.192 4.897 -2.430, 12 0.390 4.954 -2.022, 13 0.177 4.694 -2.866, 14 0.600 4.893 -1.809, 15 0.060 3.756 -2.879, 16 -0.558 3.670 -2.584, 17 -0.893 4.259 -1.400, 18 0.676 4.007 -1.105, 19 0.461 4.069 -0.112, 20 -0.368 4.300 -0.590,
0 -0.000 0.970 -0.000, 1 0.178 2.419 -0.925, 2 0.332 1.060 0.493, 3 0.259 -1.940 1.441, 4 -0.358 -5.277 1.448, 5 -0.332 0.880 -0.493, 6 -0.442 -2.180 0.590, 7 -1.374 -5.499 1.061, 8 0.355 3.869 -1.851, 9 0.304 4.804 -2.169, 10 0.218 4.794 -2.062, 11 0.212 4.947 -2.305, 12 0.353 5.014 -1.906, 13 0.209 4.711 -2.864, 14 0.573 4.916 -1.690, 15 0.002 3.720 -2.716, 16 -0.610 3.545 -2.425, 17 -1.079 3.862 -1.181, 18 0.709 4.018 -0.986, 19 0.367 3.872 -0.068, 20 -0.676 3.996 -0.143,
0 0.000 0.970 -0.000, 1 0.186 2.442 -0.948, 2 0.342 1.052 0.441, 3 0.274 -1.925 1.381, 4 -0.373 -5.259 1.438, 5 -0.342 0.888 -0.441, 6 -0.455 -2.156 0.617, 7 -1.359 -5.459 0.988, 8 0.372 3.914 -1.896, 9 0.313 4.849 -2.181, 10 0.225 4.846 -2.045, 11 0.204 4.914 -2.356, 12 0.344 4.981 -1.962, 13 0.214 4.765 -2.840, 14 0.586 4.938 -1.793, 15 0.026 3.754 -2.810, 16 -0.420 3.456 -2.222, 17 -1.034 3.665 -0.863, 18 0.718 4.073 -0.982, 19 0.340 3.750 -0.421, 20 -0.698 3.672 -0.111,
0 0.000 0.970 0.000, 1 0.145 2.457 -0.933, 2 0.338 1.046 0.476, 3 0.279 -1.827 1.364, 4 -0.472 -5.203 1.366, 5 -0.338 0.894 -0.476, 6 -0.469 -2.151 0.671, 7 -1.368 -5.463 1.038, 8 0.290 3.944 -1.867, 9 0.279 4.876 -2.172, 10 0.200 4.879 -2.003, 11 0.204 5.003 -2.364, 12 0.347 5.068 -1.968, 13 0.147 4.776 -2.933, 14 0.569 4.970 -1.751, 15 -0.060 3.785 -2.785, 16 -0.548 3.253 -2.066, 17 -1.154 3.285 -0.886, 18 0.639 4.104 -0.948, 19 0.115 3.346 0.223, 20 -0.738 3.408 -0.077,
0 -0.000 0.970 -0.000, 1 0.158 2.397 -0.883, 2 0.296 1.058 0.489, 3 0.216 -1.953 1.420, 4 -0.385 -5.242 1.468, 5 -0.296 0.882 -0.489, 6 -0.539 -2.273 0.720, 7 -1.287 -5.507 1.143, 8 0.317 3.825 -1.766, 9 0.259 4.828 -2.109, 10 0.165 4.834 -1.943, 11 0.179 4.924 -2.300, 12 0.322 4.989 -1.902, 13 0.169 4.719 -2.863, 14 0.536 4.927 -1.690, 15 -0.033 3.697 -2.715, 16 -0.516 3.132 -2.001, 17 -1.187 2.773 -0.682, 18 0.667 3.953 -0.818, 19 0.143 3.034 0.402, 20 -1.001 2.748 0.320,
0 0.000 0.970 0.000, 1 0.141 2.411 -0.884, 2 0.345 1.039 0.476, 3 0.276 -1.910 1.396, 4 -0.455 -5.222 1.432, 5 -0.345 0.901 -0.476, 6 -0.458 -2.240 0.637, 7 -1.330 -5.471 1.039, 8 0.283 3.852 -1.769, 9 0.278 4.895 -2.131, 10 0.198 4.899 -1.962, 11 0.152 4.998 -2.328, 12 0.356 5.052 -1.922, 13 0.143 4.794 -2.885, 14 0.572 4.990 -1.713, 15 -0.081 3.714 -2.676, 16 -0.633 2.971 -1.736, 17 -1.341 2.380 -0.417, 18 0.647 3.990 -0.861, 19 0.148 3.074 0.169, 20 -0.906 2.436 0.420,
0 0.000 0.970 0.000, 1 0.139 2.412 -0.869, 2 0.349 1.055 0.487, 3 0.289 -1.861 1.440, 4 -0.489 -5.280 1.391, 5 -0.349 0.885 -0.487, 6 -0.463 -2.142 0.565, 7 -1.368 -5.430 0.940, 8 0.278 3.854 -1.738, 9 0.289 4.895 -2.123, 10 0.209 4.898 -1.954, 11 0.154 5.032 -2.326, 12 0.298 5.098 -1.929, 13 0.153 4.796 -2.882, 14 0.587 4.988 -1.702, 15 -0.081 3.743 -2.678, 16 -0.599 2.719 -1.616, 17 -1.318 1.957 -0.257, 18 0.637 3.964 -0.798, 19 0.335 3.025 0.077, 20 -0.776 2.186 0.642,
0 -0.000 0.970 0.000, 1 0.126 2.443 -0.882, 2 0.308 1.093 0.446, 3 0.231 -1.830 1.386, 4 -0.388 -5.133 1.388, 5 -0.308 0.847 -0.446, 6 -0.507 -2.161 0.623, 7 -1.417 -5.436 1.007, 8 0.252 3.915 -1.763, 9 0.276 4.968 -2.144, 10 0.182 4.973 -1.979, 11 0.186 5.098 -2.338, 12 0.332 5.163 -1.943, 13 0.182 4.863 -2.891, 14 0.558 5.063 -1.727, 15 -0.099 3.789 -2.702, 16 -0.572 2.685 -1.561, 17 -1.342 1.601 -0.323, 18 0.604 4.041 -0.824, 19 0.361 2.928 0.164, 20 -0.673 1.954 0.780,
0 -0.000 0.970 -0.000, 1 0.119 2.363 -0.827, 2 0.302 1.089 0.457, 3 0.221 -1.913 1.487, 4 -0.366 -5.185 1.550, 5 -0.302 0.851 -0.457, 6 -0.540 -2.237 0.788, 7 -1.352 -5.479 1.040, 8 0.239 3.757 -1.655, 9 0.241 4.846 -2.019, 10 0.164 4.841 -1.879, 11 0.169 4.966 -2.241, 12 0.313 5.032 -1.844, 13 0.098 4.768 -2.692, 14 0.537 4.933 -1.626, 15 -0.112 3.647 -2.598, 16 -0.570 2.398 -1.472, 17 -1.302 1.243 -0.342, 18 0.590 3.867 -0.711, 19 0.351 2.703 0.276, 20 -0.425 1.519 1.002,
0 -0.000 0.970 0.000, 1 0.141 2.313 -0.840, 2 0.358 1.032 0.439, 3 0.298 -1.940 1.398, 4 -0.321 -5.296 1.379, 5 -0.358 0.908 -0.439, 6 -0.486 -2.310 0.664, 7 -1.379 -5.530 1.000, 8 0.283 3.657 -1.681, 9 0.258 4.796 -2.142, 10 0.151 4.796 -2.008, 11 0.158 4.920 -2.372, 12 0.290 5.019 -1.852, 13 0.144 4.712 -2.810, 14 0.589 4.879 -1.743, 15 -0.087 3.522 -2.646, 16 -0.558 2.250 -1.719, 17 -1.135 0.858 -0.539, 18 0.652 3.791 -0.716, 19 0.492 2.527 0.216, 20 -0.192 1.212 0.979,
0 0.000 0.970 0.000, 1 0.145 2.306 -0.866, 2 0.296 1.078 0.497, 3 0.341 -1.957 1.328, 4 -0.401 -5.316 1.334, 5 -0.296 0.862 -0.497, 6 -0.519 -2.339 0.602, 7 -1.279 -5.485 0.943, 8 0.289 3.641 -1.731, 9 0.268 4.833 -2.131, 10 0.201 4.864 -1.986, 11 0.122 4.942 -2.310, 12 0.261 5.010 -1.912, 13 0.125 4.703 -2.868, 14 0.545 4.902 -1.686, 15 -0.096 3.492 -2.697, 16 -0.508 2.117 -1.688, 17 -1.117 0.701 -0.620, 18 0.675 3.791 -0.765, 19 0.515 2.439 0.220, 20 0.027 1.021 1.129,
0 0.000 0.970 0.000, 1 0.156 2.344 -0.898, 2 0.302 1.062 0.486, 3 0.346 -1.962 1.326, 4 -0.226 -5.120 1.327, 5 -0.302 0.878 -0.486, 6 -0.413 -2.200 0.566, 7 -1.360 -5.562 0.890, 8 0.312 3.718 -1.795, 9 0.288 4.933 -2.192, 10 0.215 4.981 -2.049, 11 0.202 5.016 -2.356, 12 0.346 5.083 -1.959, 13 0.149 4.786 -2.927, 14 0.572 4.983 -1.743, 15 -0.077 3.572 -2.764, 16 -0.488 2.085 -1.782, 17 -0.947 0.607 -0.886, 18 0.702 3.863 -0.827, 19 0.609 2.445 0.318, 20 0.219 0.958 1.192,
0 0.000 0.970 -0.000, 1 0.145 2.379 -0.843, 2 0.304 1.101 0.448, 3 0.334 -1.871 1.388, 4 -0.380 -5.094 1.395, 5 -0.304 0.839 -0.448, 6 -0.415 -2.153 0.514, 7 -1.345 -5.464 0.870, 8 0.290 3.789 -1.686, 9 0.273 5.036 -2.103, 10 0.200 5.084 -1.960, 11 0.127 5.129 -2.279, 12 0.333 5.186 -1.870, 13 0.130 4.890 -2.838, 14 0.563 5.085 -1.655, 15 -0.099 3.674 -2.683, 16 -0.466 2.049 -1.816, 17 -0.875 0.537 -0.994, 18 0.680 3.903 -0.688, 19 0.686 2.455 0.355, 20 0.513 0.979 1.314,
0 0.000 0.970 0.000, 1 0.101 2.384 -0.818, 2 0.339 1.109 0.492, 3 0.289 -1.863 1.336, 4 -0.439 -5.086 1.315, 5 -0.339 0.831 -0.492, 6 -0.467 -2.096 0.579, 7 -1.339 -5.353 0.989, 8 0.202 3.799 -1.635, 9 0.185 5.048 -2.108, 10 0.092 5.068 -2.028, 11 0.103 5.191 -2.389, 12 0.202 5.237 -1.822, 13 0.061 4.929 -2.778, 14 0.495 5.126 -1.598, 15 -0.220 3.691 -2.638, 16 -0.500 2.062 -1.845, 17 -0.859 0.524 -1.096, 18 0.623 3.906 -0.633, 19 0.809 2.446 0.410, 20 0.765 0.982 1.341,
0 0.000 0.970 0.000, 1 0.116 2.381 -0.803, 2 0.383 1.061 0.482, 3 0.331 -1.866 1.408, 4 -0.420 -5.216 1.370, 5 -0.383 0.879 -0.482, 6 -0.527 -2.117 0.662, 7 -1.457 -5.443 0.999, 8 0.232 3.791 -1.606, 9 0.195 5.036 -2.083, 10 0.131 5.059 -1.968, 11 0.053 5.137 -2.289, 12 0.252 5.194 -1.884, 13 0.042 4.931 -2.724, 14 0.475 5.095 -1.671, 15 -0.189 3.636 -2.619, 16 -0.401 2.036 -1.990, 17 -0.776 0.461 -1.344, 18 0.652 3.946 -0.593, 19 0.926 2.395 0.492, 20 1.000 0.950 1.400,
0 -0.000 0.970 0.000, 1 0.102 2.376 -0.839, 2 0.337 1.059 0.483, 3 0.282 -1.875 1.434, 4 -0.427 -5.185 1.479, 5 -0.337 0.881 -0.483, 6 -0.440 -2.157 0.566, 7 -1.391 -5.474 0.970, 8 0.205 3.782 -1.677, 9 0.153 5.014 -2.056, 10 0.078 5.041 -1.931, 11 0.040 5.138 -2.297, 12 0.227 5.230 -1.894, 13 -0.001 4.877 -2.687, 14 0.455 5.096 -1.674, 15 -0.211 3.638 -2.647, 16 -0.396 2.006 -2.106, 17 -0.675 0.379 -1.571, 18 0.620 3.925 -0.707, 19 0.974 2.450 0.442, 20 1.257 1.014 1.439,
0 0.000 0.970 -0.000, 1 0.109 2.381 -0.853, 2 0.340 1.061 0.480, 3 0.290 -1.833 1.248, 4 -0.483 -5.277 1.380, 5 -0.340 0.879 -0.480, 6 -0.445 -2.154 0.563, 7 -1.334 -5.427 0.924, 8 0.218 3.793 -1.705, 9 0.171 5.046 -2.120, 10 0.098 5.095 -1.977, 11 0.088 5.128 -2.282, 12 0.228 5.195 -1.888, 13 0.038 4.898 -2.849, 14 0.450 5.097 -1.676, 15 -0.194 3.699 -2.700, 16 -0.341 2.132 -2.344, 17 -0.532 0.473 -1.935, 18 0.630 3.886 -0.710, 19 1.061 2.490 0.447, 20 1.663 1.126 1.372,
0 0.000 0.970 -0.000, 1 0.166 2.378 -0.854, 2 0.333 1.064 0.524, 3 0.376 -1.855 1.348, 4 -0.380 -5.279 1.372, 5 -0.333 0.876 -0.524, 6 -0.351 -2.091 0.526, 7 -1.246 -5.435 0.932, 8 0.332 3.785 -1.707, 9 0.253 5.021 -2.100, 10 0.182 5.062 -1.989, 11 0.113 5.105 -2.301, 12 0.238 5.203 -1.793, 13 0.120 4.868 -2.849, 14 0.530 5.092 -1.573, 15 -0.052 3.672 -2.684, 16 -0.244 2.228 -2.421, 17 -0.423 0.530 -2.158, 18 0.716 3.898 -0.730, 19 1.254 2.579 0.466, 20 1.982 1.273 1.467,
0 0.000 0.970 -0.000, 1 0.131 2.414 -0.850, 2 0.344 1.056 0.481, 3 0.269 -1.886 1.399, 4 -0.288 -5.097 1.380, 5 -0.344 0.884 -0.481, 6 -0.460 -2.119 0.567, 7 -1.413 -5.539 0.948, 8 0.263 3.858 -1.700, 9 0.200 5.051 -2.086, 10 0.112 5.102 -1.947, 11 0.102 5.136 -2.250, 12 0.244 5.202 -1.857, 13 0.106 4.900 -2.804, 14 0.468 5.102 -1.645, 15 -0.131 3.733 -2.660, 16 -0.237 2.266 -2.457, 17 -0.335 0.588 -2.313, 18 0.656 3.984 -0.740, 19 1.257 2.679 0.375, 20 2.196 1.481 1.440,
0 0.000 0.970 0.000, 1 0.128 2.391 -0.832, 2 0.342 1.053 0.482, 3 0.286 -1.874 1.321, 4 -0.339 -5.258 1.344, 5 -0.342 0.887 -0.482, 6 -0.459 -2.194 0.640, 7 -1.367 -5.483 0.979, 8 0.256 3.813 -1.664, 9 0.169 4.998 -2.036, 10 0.091 5.024 -1.881, 11 0.044 5.155 -2.248, 12 0.242 5.213 -1.844, 13 0.030 4.831 -2.748, 14 0.464 5.114 -1.633, 15 -0.129 3.719 -2.652, 16 -0.255 2.336 -2.633, 17 -0.287 0.742 -2.597, 18 0.641 3.907 -0.676, 19 1.338 2.714 0.490, 20 2.398 1.625 1.444,
0 0.000 0.970 -0.000, 1 0.167 2.368 -0.856, 2 0.349 1.050 0.485, 3 0.280 -1.898 1.302, 4 -0.342 -5.259 1.354, 5 -0.349 0.890 -0.485, 6 -0.484 -2.209 0.616, 7 -1.209 -5.412 0.917, 8 0.334 3.765 -1.713, 9 0.193 5.011 -2.014, 10 0.098 5.049 -1.864, 11 0.116 5.138 -2.213, 12 0.260 5.202 -1.820, 13 0.090 4.848 -2.719, 14 0.488 5.100 -1.609, 15 -0.067 3.639 -2.665, 16 -0.182 2.386 -2.880, 17 -0.201 0.825 -2.965, 18 0.736 3.891 -0.760, 19 1.454 2.813 0.458, 20 2.743 1.866 1.466,
0 -0.000 0.970 0.000, 1 0.168 2.419 -0.834, 2 0.341 1.052 0.482, 3 0.271 -1.878 1.316, 4 -0.391 -5.299 1.317, 5 -0.341 0.888 -0.482, 6 -0.473 -2.195 0.632, 7 -1.291 -5.551 1.010, 8 0.337 3.868 -1.667, 9 0.210 5.011 -2.020, 10 0.098 5.059 -1.874, 11 0.118 5.146 -2.223, 12 0.257 5.212 -1.832, 13 0.102 4.824 -2.720, 14 0.543 5.102 -1.611, 15 -0.060 3.743 -2.622, 16 -0.117 2.435 -3.028, 17 -0.151 1.067 -3.276, 18 0.734 3.993 -0.712, 19 1.609 2.907 0.509, 20 2.902 2.128 1.569,
0 0.000 0.970 0.000, 1 0.165 2.406 -0.848, 2 0.297 1.058 0.478, 3 0.311 -1.914 1.371, 4 -0.295 -5.250 1.441, 5 -0.297 0.882 -0.478, 6 -0.418 -2.142 0.540, 7 -1.305 -5.467 1.005, 8 0.330 3.842 -1.697, 9 0.217 5.040 -1.976, 10 0.145 5.079 -1.832, 11 0.126 5.150 -2.140, 12 0.269 5.216 -1.749, 13 0.081 4.888 -2.700, 14 0.497 5.115 -1.539, 15 -0.033 3.710 -2.646, 16 -0.073 2.491 -3.113, 17 -0.083 1.269 -3.593, 18 0.693 3.974 -0.747, 19 1.663 2.993 0.540, 20 3.164 2.446 1.483,
0 -0.000 0.970 0.000, 1 0.170 2.406 -0.881, 2 0.339 1.058 0.486, 3 0.272 -1.940 1.319, 4 -0.387 -5.296 1.272, 5 -0.339 0.882 -0.486, 6 -0.466 -2.168 0.556, 7 -1.270 -5.456 0.892, 8 0.339 3.843 -1.762, 9 0.212 5.002 -2.031, 10 0.110 5.017 -1.909, 11 0.131 5.106 -2.261, 12 0.250 5.238 -1.750, 13 0.082 4.879 -2.656, 14 0.547 5.097 -1.649, 15 -0.058 3.727 -2.673, 16 -0.053 2.568 -3.317, 17 -0.015 1.472 -4.030, 18 0.736 3.959 -0.852, 19 1.798 3.142 0.455, 20 3.187 2.761 1.525,
0 -0.000 0.970 -0.000, 1 0.200 2.427 -0.907, 2 0.297 1.055 0.489, 3 0.313 -1.970 1.314, 4 -0.326 -5.290 1.319, 5 -0.297 0.885 -0.489, 6 -0.436 -2.191 0.545, 7 -1.220 -5.457 0.935, 8 0.401 3.883 -1.813, 9 0.276 5.022 -2.051, 10 0.169 5.045 -1.898, 11 0.151 5.116 -2.211, 12 0.293 5.183 -1.813, 13 0.157 4.875 -2.773, 14 0.610 5.124 -1.636, 15 0.011 3.750 -2.786, 16 -0.014 2.675 -3.514, 17 0.123 1.759 -4.378, 18 0.790 4.017 -0.841, 19 1.948 3.286 0.433, 20 3.452 3.089 1.389,
0 0.000 0.970 0.000, 1 0.203 2.482 -0.904, 2 0.297 1.062 0.490, 3 0.333 -1.873 1.309, 4 -0.331 -5.196 1.209, 5 -0.297 0.878 -0.490, 6 -0.423 -2.149 0.496, 7 -1.218 -5.354 0.818, 8 0.406 3.995 -1.808, 9 0.253 5.113 -1.987, 10 0.143 5.136 -1.832, 11 0.133 5.173 -2.143, 12 0.300 5.330 -1.792, 13 0.131 4.963 -2.718, 14 0.594 5.216 -1.568, 15 0.006 3.883 -2.799, 16 0.025 2.861 -3.721, 17 0.213 2.130 -4.774, 18 0.805 4.107 -0.818, 19 1.967 3.506 0.421, 20 3.533 3.436 1.267,
0 0.000 0.970 0.000, 1 0.213 2.435 -0.832, 2 0.294 1.058 0.490, 3 0.295 -1.972 1.410, 4 -0.326 -5.214 1.276, 5 -0.294 0.882 -0.490, 6 -0.427 -2.204 0.561, 7 -1.217 -5.466 0.951, 8 0.427 3.900 -1.665, 9 0.273 5.015 -1.917, 10 0.188 5.019 -1.745, 11 0.145 5.120 -2.112, 12 0.289 5.184 -1.711, 13 0.141 4.912 -2.683, 14 0.573 5.109 -1.494, 15 -0.008 3.782 -2.704, 16 0.043 2.944 -3.780, 17 0.268 2.370 -5.114, 18 0.862 4.019 -0.625, 19 2.052 3.570 0.497, 20 3.490 3.757 1.270,
0 0.000 0.970 0.000, 1 0.219 2.435 -0.843, 2 0.337 1.060 0.497, 3 0.350 -1.979 1.432, 4 -0.228 -5.181 1.348, 5 -0.337 0.880 -0.497, 6 -0.374 -2.217 0.581, 7 -1.248 -5.412 0.955, 8 0.438 3.900 -1.685, 9 0.258 5.007 -1.921, 10 0.162 5.046 -1.767, 11 0.151 5.082 -2.077, 12 0.327 5.202 -1.722, 13 0.154 4.840 -2.644, 14 0.556 5.099 -1.508, 15 -0.025 3.768 -2.739, 16 0.025 3.027 -4.009, 17 0.304 2.746 -5.391, 18 0.901 4.033 -0.631, 19 2.095 3.785 0.406, 20 3.488 4.061 1.063,
0 0.000 0.970 0.000, 1 0.219 2.474 -0.863, 2 0.338 1.060 0.490, 3 0.353 -1.955 1.404, 4 -0.235 -5.147 1.288, 5 -0.338 0.880 -0.490, 6 -0.475 -2.208 0.566, 7 -1.264 -5.461 0.972, 8 0.437 3.978 -1.725, 9 0.231 5.008 -1.924, 10 0.144 5.020 -1.753, 11 0.162 5.112 -2.109, 12 0.308 5.176 -1.711, 13 0.108 4.882 -2.684, 14 0.528 5.111 -1.504, 15 -0.024 3.845 -2.772, 16 0.015 3.289 -4.223, 17 0.351 3.135 -5.710, 18 0.898 4.110 -0.678, 19 2.183 3.968 0.415, 20 3.378 4.465 0.989,
0 0.000 0.970 0.000, 1 0.227 2.447 -0.879, 2 0.376 1.065 0.526, 3 0.315 -1.853 1.355, 4 -0.304 -5.214 1.398, 5 -0.376 0.875 -0.526, 6 -0.420 -2.126 0.491, 7 -1.177 -5.465 1.019, 8 0.455 3.924 -1.757, 9 0.262 4.976 -1.852, 10 0.179 4.979 -1.685, 11 0.122 5.116 -2.046, 12 0.333 5.168 -1.648, 13 0.125 4.882 -2.594, 14 0.567 5.065 -1.442, 15 -0.014 3.788 -2.917, 16 0.038 3.377 -4.399, 17 0.456 3.462 -6.138, 18 0.923 4.061 -0.598, 19 2.213 4.112 0.369, 20 3.292 4.813 0.850,
0 0.000 0.970 0.000, 1 0.245 2.468 -0.924, 2 0.334 1.109 0.505, 3 0.360 -1.924 1.342, 4 -0.243 -5.220 1.385, 5 -0.334 0.831 -0.505, 6 -0.397 -2.146 0.566, 7 -1.243 -5.434 0.927, 8 0.489 3.966 -1.847, 9 0.263 4.964 -1.933, 10 0.152 4.964 -1.797, 11 0.162 5.091 -2.160, 12 0.295 5.190 -1.638, 13 0.149 4.881 -2.603, 14 0.601 5.045 -1.536, 15 0.081 3.840 -2.979, 16 0.145 3.550 -4.692, 17 0.546 3.842 -6.445, 18 0.897 4.091 -0.715, 19 2.211 4.319 0.310, 20 3.243 5.122 0.711,
0 -0.000 0.970 0.000, 1 0.230 2.462 -0.898, 2 0.305 1.057 0.486, 3 0.327 -1.911 1.413, 4 -0.245 -5.171 1.375, 5 -0.305 0.883 -0.486, 6 -0.438 -2.186 0.533, 7 -1.257 -5.562 0.938, 8 0.459 3.953 -1.795, 9 0.265 4.936 -1.896, 10 0.180 4.939 -1.727, 11 0.102 4.988 -2.042, 12 0.282 5.104 -1.694, 13 0.126 4.838 -2.654, 14 0.575 5.027 -1.478, 15 0.037 3.838 -2.918, 16 0.065 3.679 -4.724, 17 0.578 4.111 -6.625, 18 0.881 4.069 -0.672, 19 2.207 4.431 0.297, 20 3.103 5.356 0.625,
0 0.000 0.970 -0.000, 1 0.231 2.455 -0.911, 2 0.306 1.058 0.516, 3 0.329 -1.909 1.472, 4 -0.263 -5.313 1.462, 5 -0.306 0.882 -0.516, 6 -0.438 -2.295 0.619, 7 -1.186 -5.500 1.056, 8 0.463 3.939 -1.822, 9 0.257 4.861 -1.873, 10 0.178 4.839 -1.755, 11 0.077 4.958 -1.967, 12 0.229 5.026 -1.552, 13 0.113 4.765 -2.607, 14 0.560 5.003 -1.375, 15 0.036 3.839 -2.949, 16 0.155 3.847 -4.897, 17 0.591 4.299 -6.638, 18 0.890 4.040 -0.696, 19 2.160 4.640 0.232, 20 2.932 5.608 0.514,
0 0.000 0.970 -0.000, 1 0.229 2.441 -0.883, 2 0.307 1.060 0.526, 3 0.341 -1.995 1.386, 4 -0.252 -5.376 1.523, 5 -0.307 0.880 -0.526, 6 -0.477 -2.323 0.721, 7 -1.268 -5.593 0.913, 8 0.458 3.912 -1.765, 9 0.261 4.806 -1.780, 10 0.156 4.811 -1.601, 11 0.142 4.852 -1.927, 12 0.300 4.919 -1.507, 13 0.165 4.695 -2.581, 14 0.568 4.906 -1.338, 15 0.007 3.795 -2.821, 16 0.151 3.898 -4.887, 17 0.611 4.457 -6.613, 18 0.910 4.029 -0.710, 19 2.083 4.748 0.228, 20 2.884 5.786 0.478,
0 0.000 0.970 0.000, 1 0.228 2.465 -0.901, 2 0.335 1.058 0.501, 3 0.262 -1.891 1.428, 4 -0.358 -5.287 1.356, 5 -0.335 0.882 -0.501, 6 -0.457 -2.274 0.588, 7 -1.208 -5.442 0.975, 8 0.455 3.961 -1.802, 9 0.233 4.809 -1.810, 10 0.137 4.787 -1.638, 11 0.146 4.931 -2.043, 12 0.278 4.943 -1.545, 13 0.161 4.763 -2.594, 14 0.496 4.900 -1.371, 15 0.045 3.841 -2.840, 16 0.110 4.128 -4.891, 17 0.604 4.717 -6.543, 18 0.866 4.080 -0.763, 19 2.011 4.857 0.225, 20 2.661 5.987 0.219,
0 0.000 0.970 0.000, 1 0.235 2.451 -0.930, 2 0.345 1.004 0.487, 3 0.385 -1.984 1.365, 4 -0.390 -5.382 1.395, 5 -0.345 0.936 -0.487, 6 -0.484 -2.329 0.668, 7 -1.265 -5.535 1.023, 8 0.470 3.931 -1.860, 9 0.251 4.763 -1.818, 10 0.138 4.700 -1.667, 11 0.146 4.845 -2.071, 12 0.310 4.916 -1.628, 13 0.136 4.749 -2.489, 14 0.590 4.903 -1.448, 15 0.076 3.826 -2.929, 16 0.144 4.249 -4.935, 17 0.667 4.936 -6.462, 18 0.864 4.036 -0.791, 19 1.854 5.014 0.085, 20 2.533 6.179 0.213,
0 0.000 0.970 0.000, 1 0.200 2.483 -0.873, 2 0.347 1.059 0.509, 3 0.272 -1.960 1.426, 4 -0.301 -5.275 1.451, 5 -0.347 0.881 -0.509, 6 -0.503 -2.291 0.707, 7 -1.334 -5.598 1.020, 8 0.400 3.996 -1.747, 9 0.216 4.774 -1.729, 10 0.111 4.761 -1.606, 11 0.127 4.870 -2.013, 12 0.225 4.951 -1.572, 13 0.082 4.711 -2.382, 14 0.559 4.864 -1.323, 15 0.020 3.901 -2.770, 16 0.115 4.334 -4.805, 17 0.613 5.036 -6.364, 18 0.780 4.092 -0.723, 19 1.797 5.096 0.174, 20 2.336 6.354 0.145,
0 0.000 0.970 0.000, 1 0.192 2.456 -0.869, 2 0.313 1.053 0.456, 3 0.244 -1.991 1.406, 4 -0.338 -5.223 1.488, 5 -0.313 0.887 -0.456, 6 -0.528 -2.343 0.685, 7 -1.345 -5.634 1.038, 8 0.384 3.943 -1.738, 9 0.213 4.725 -1.828, 10 0.096 4.693 -1.705, 11 0.054 4.816 -1.925, 12 0.242 4.853 -1.609, 13 0.127 4.673 -2.479, 14 0.533 4.840 -1.423, 15 0.016 3.821 -2.661, 16 0.045 4.381 -4.676, 17 0.574 5.217 -6.120, 18 0.752 4.064 -0.815, 19 1.680 5.095 0.090, 20 2.157 6.499 0.018,
0 0.000 0.970 0.000, 1 0.177 2.473 -0.875, 2 0.251 1.039 0.501, 3 0.298 -1.964 1.473, 4 -0.310 -5.307 1.348, 5 -0.251 0.901 -0.501, 6 -0.486 -2.309 0.745, 7 -1.259 -5.590 1.128, 8 0.355 3.977 -1.750, 9 0.158 4.725 -1.845, 10 0.042 4.652 -1.723, 11 0.106 4.827 -1.990, 12 0.206 4.911 -1.543, 13 0.048 4.701 -2.578, 14 0.498 4.897 -1.357, 15 -0.001 3.838 -2.750, 16 0.011 4.457 -4.653, 17 0.425 5.338 -5.758, 18 0.711 4.115 -0.751, 19 1.529 5.196 0.029, 20 1.941 6.535 -0.158,
0 -0.000 0.970 0.000, 1 0.169 2.458 -0.860, 2 0.327 1.098 0.418, 3 0.267 -1.921 1.391, 4 -0.319 -5.289 1.520, 5 -0.327 0.842 -0.418, 6 -0.541 -2.318 0.619, 7 -1.348 -5.603 1.005, 8 0.339 3.947 -1.720, 9 0.183 4.719 -1.844, 10 0.073 4.705 -1.683, 11 0.038 4.789 -1.899, 12 0.222 4.868 -1.586, 13 0.056 4.657 -2.615, 14 0.532 4.809 -1.394, 15 -0.075 3.827 -2.656, 16 -0.068 4.609 -4.351, 17 0.328 5.503 -5.421, 18 0.752 4.067 -0.784, 19 1.420 5.247 -0.077, 20 1.710 6.566 -0.234,
0 0.000 0.970 0.000, 1 0.189 2.468 -0.867, 2 0.310 1.109 0.479, 3 0.250 -2.001 1.333, 4 -0.309 -5.208 1.486, 5 -0.310 0.831 -0.479, 6 -0.439 -2.199 0.594, 7 -1.349 -5.540 1.037, 8 0.377 3.966 -1.735, 9 0.189 4.785 -1.828, 10 0.075 4.789 -1.630, 11 0.059 4.836 -1.991, 12 0.237 4.917 -1.674, 13 0.069 4.700 -2.573, 14 0.540 4.861 -1.478, 15 -0.003 3.859 -2.612, 16 -0.044 4.584 -4.248, 17 0.311 5.640 -5.253, 18 0.758 4.073 -0.857, 19 1.328 5.240 -0.270, 20 1.546 6.673 -0.292,
0 0.000 0.970 -0.000, 1 0.159 2.458 -0.859, 2 0.321 1.052 0.460, 3 0.145 -1.996 1.449, 4 -0.461 -5.293 1.517, 5 -0.321 0.888 -0.460, 6 -0.554 -2.206 0.715, 7 -1.313 -5.538 0.983, 8 0.318 3.946 -1.718, 9 0.137 4.748 -1.807, 10 0.042 4.715 -1.662, 11 0.056 4.826 -2.080, 12 0.157 4.910 -1.630, 13 0.043 4.727 -2.516, 14 0.421 4.834 -1.385, 15 -0.031 3.784 -2.611, 16 -0.209 4.599 -3.992, 17 0.122 5.720 -4.844, 18 0.668 4.109 -0.826, 19 1.122 5.233 -0.196, 20 1.307 6.696 -0.247,
0 0.000 0.970 -0.000, 1 0.164 2.451 -0.895, 2 0.312 1.047 0.439, 3 0.255 -1.978 1.409, 4 -0.339 -5.280 1.448, 5 -0.312 0.893 -0.439, 6 -0.510 -2.206 0.632, 7 -1.495 -5.642 0.957, 8 0.328 3.932 -1.791, 9 0.171 4.674 -1.817, 10 0.055 4.619 -1.634, 11 0.057 4.766 -2.035, 12 0.155 4.846 -1.608, 13 0.061 4.638 -2.581, 14 0.514 4.821 -1.418, 15 0.002 3.808 -2.615, 16 -0.211 4.633 -3.780, 17 -0.000 5.721 -4.387, 18 0.654 4.055 -0.966, 19 0.908 5.186 -0.257, 20 1.034 6.494 -0.416,
0 -0.000 0.970 -0.000, 1 0.139 2.477 -0.875, 2 0.310 1.078 0.494, 3 0.260 -1.948 1.430, 4 -0.521 -5.349 1.410, 5 -0.310 0.862 -0.494, 6 -0.535 -2.173 0.665, 7 -1.413 -5.590 1.055, 8 0.277 3.983 -1.751, 9 0.116 4.700 -1.925, 10 -0.010 4.661 -1.761, 11 0.048 4.832 -2.013, 12 0.151 4.909 -1.589, 13 0.065 4.673 -2.689, 14 0.421 4.803 -1.489, 15 -0.109 3.854 -2.544, 16 -0.327 4.556 -3.411, 17 -0.162 5.708 -4.119, 18 0.664 4.112 -0.957, 19 0.837 5.224 -0.383, 20 0.881 6.549 -0.545,
0 0.000 0.970 -0.000, 1 0.153 2.450 -0.849, 2 0.307 1.096 0.445, 3 0.244 -1.995 1.447, 4 -0.510 -5.354 1.355, 5 -0.307 0.844 -0.445, 6 -0.498 -2.229 0.603, 7 -1.399 -5.516 1.004, 8 0.307 3.929 -1.698, 9 0.165 4.722 -1.917, 10 0.079 4.715 -1.764, 11 0.060 4.760 -2.100, 12 0.158 4.837 -1.679, 13 0.061 4.635 -2.640, 14 0.440 4.824 -1.500, 15 -0.039 3.779 -2.478, 16 -0.317 4.589 -3.289, 17 -0.279 5.678 -3.738, 18 0.652 4.079 -0.918, 19 0.723 5.090 -0.300, 20 0.577 6.299 -0.563,
0 -0.000 0.970 0.000, 1 0.131 2.402 -0.886, 2 0.342 1.051 0.473, 3 0.170 -1.998 1.429, 4 -0.377 -5.248 1.462, 5 -0.342 0.889 -0.473, 6 -0.545 -2.221 0.600, 7 -1.478 -5.600 0.997, 8 0.261 3.834 -1.772, 9 0.142 4.652 -1.893, 10 0.043 4.637 -1.746, 11 0.046 4.778 -2.130, 12 0.180 4.785 -1.657, 13 0.027 4.563 -2.595, 14 0.454 4.773 -1.484, 15 -0.057 3.733 -2.557, 16 -0.416 4.427 -3.100, 17 -0.433 5.514 -3.443, 18 0.579 3.935 -0.987, 19 0.579 5.013 -0.330, 20 0.419 6.082 -0.538,
0 0.000 0.970 0.000, 1 0.163 2.409 -0.860, 2 0.294 1.061 0.503, 3 0.216 -1.919 1.416, 4 -0.405 -5.331 1.352, 5 -0.294 0.879 -0.503, 6 -0.533 -2.241 0.687, 7 -1.331 -5.608 1.086, 8 0.327 3.848 -1.720, 9 0.198 4.663 -1.841, 10 0.123 4.647 -1.696, 11 0.067 4.788 -2.079, 12 0.277 4.843 -1.662, 13 0.109 4.572 -2.513, 14 0.436 4.788 -1.458, 15 0.035 3.748 -2.473, 16 -0.372 4.200 -2.988, 17 -0.560 5.438 -2.992, 18 0.619 3.947 -0.966, 19 0.422 4.855 -0.371, 20 0.232 5.967 -0.506,
0 0.000 0.970 0.000, 1 0.130 2.424 -0.873, 2 0.341 1.039 0.478, 3 0.286 -1.884 1.422, 4 -0.465 -5.378 1.341, 5 -0.341 0.901 -0.478, 6 -0.553 -2.273 0.622, 7 -1.347 -5.543 0.965, 8 0.260 3.879 -1.747, 9 0.193 4.696 -1.940, 10 0.110 4.667 -1.862, 11 0.027 4.749 -2.182, 12 0.214 4.869 -1.666, 13 0.080 4.626 -2.533, 14 0.471 4.822 -1.502, 15 -0.067 3.744 -2.454, 16 -0.423 4.090 -2.984, 17 -0.722 5.071 -2.860, 18 0.587 4.014 -1.040, 19 0.541 4.591 -0.345, 20 -0.012 5.716 -0.468,
0 -0.000 0.970 0.000, 1 0.143 2.401 -0.855, 2 0.300 1.056 0.484, 3 0.232 -1.994 1.462, 4 -0.385 -5.395 1.489, 5 -0.300 0.884 -0.484, 6 -0.498 -2.233 0.627, 7 -1.399 -5.608 1.056, 8 0.285 3.831 -1.709, 9 0.149 4.680 -1.899, 10 -0.001 4.713 -1.760, 11 0.073 4.797 -2.100, 12 0.195 4.805 -1.662, 13 0.180 4.552 -2.622, 14 0.420 4.741 -1.454, 15 -0.042 3.742 -2.441, 16 -0.410 4.033 -2.859, 17 -0.723 4.860 -2.595, 18 0.613 3.921 -0.977, 19 0.396 4.424 -0.257, 20 -0.268 5.426 -0.341,
0 0.000 0.970 0.000, 1 0.109 2.451 -0.878, 2 0.343 1.053 0.482, 3 0.180 -1.977 1.446, 4 -0.574 -5.328 1.430, 5 -0.343 0.887 -0.482, 6 -0.541 -2.210 0.615, 7 -1.437 -5.567 1.038, 8 0.219 3.931 -1.756, 9 0.134 4.700 -1.930, 10 0.031 4.654 -1.844, 11 0.021 4.811 -2.080, 12 0.179 4.842 -1.810, 13 -0.004 4.644 -2.512, 14 0.478 4.850 -1.523, 15 -0.128 3.828 -2.494, 16 -0.480 3.961 -2.766, 17 -0.876 4.915 -2.073, 18 0.566 4.035 -1.018, 19 0.345 4.276 -0.312, 20 -0.432 5.075 -0.313,
0 0.000 0.970 0.000, 1 0.133 2.439 -0.876, 2 0.304 1.028 0.432, 3 0.236 -2.009 1.423, 4 -0.506 -5.351 1.430, 5 -0.304 0.912 -0.432, 6 -0.504 -2.234 0.660, 7 -1.392 -5.610 1.103, 8 0.265 3.908 -1.752, 9 0.151 4.713 -1.917, 10 0.078 4.691 -1.806, 11 -0.010 4.768 -2.002, 12 0.199 4.820 -1.600, 13 0.012 4.623 -2.610, 14 0.436 4.847 -1.445, 15 -0.061 3.801 -2.581, 16 -0.652 3.818 -2.465, 17 -0.997 4.433 -1.702, 18 0.591 4.015 -0.922, 19 0.354 4.021 -0.108, 20 -0.411 4.706 -0.225,
0 0.000 0.970 0.000, 1 0.140 2.476 -0.907, 2 0.296 1.019 0.519, 3 0.233 -1.962 1.442, 4 -0.373 -5.277 1.429, 5 -0.296 0.921 -0.519, 6 -0.493 -2.201 0.601, 7 -1.383 -5.574 1.048, 8 0.280 3.981 -1.814, 9 0.160 4.692 -1.921, 10 0.055 4.651 -1.728, 11 0.058 4.780 -2.086, 12 0.207 4.842 -1.694, 13 0.076 4.635 -2.692, 14 0.454 4.831 -1.534, 15 -0.056 3.848 -2.673, 16 -0.504 3.705 -2.535, 17 -1.196 4.157 -1.394, 18 0.616 4.115 -0.955, 19 0.265 3.973 -0.039, 20 -0.675 4.305 -0.208,
0 0.000 0.970 -0.000, 1 0.153 2.467 -0.938, 2 0.333 1.056 0.492, 3 0.258 -2.038 1.468, 4 -0.453 -5.369 1.424, 5 -0.333 0.884 -0.492, 6 -0.449 -2.270 0.625, 7 -1.311 -5.538 1.028, 8 0.305 3.964 -1.877, 9 0.191 4.672 -1.949, 10 0.107 4.614 -1.811, 11 0.055 4.750 -2.183, 12 0.245 4.834 -1.658, 13 0.062 4.635 -2.675, 14 0.489 4.823 -1.499, 15 -0.044 3.880 -2.723, 16 -0.580 3.605 -2.229, 17 -1.336 3.785 -0.753, 18 0.654 4.048 -1.031, 19 0.166 3.762 -0.416, 20 -0.764 3.869 -0.077,
0 0.000 0.970 0.000, 1 0.142 2.467 -0.919, 2 0.293 1.042 0.475, 3 0.224 -1.943 1.405, 4 -0.546 -5.338 1.384, 5 -0.293 0.898 -0.475, 6 -0.518 -2.166 0.637, 7 -1.428 -5.500 0.993, 8 0.284 3.964 -1.839, 9 0.143 4.792 -1.920, 10 0.056 4.743 -1.783, 11 0.069 4.836 -2.139, 12 0.196 4.964 -1.629, 13 0.017 4.730 -2.644, 14 0.443 4.954 -1.469, 15 -0.034 3.849 -2.732, 16 -0.615 3.405 -2.114, 17 -1.348 3.294 -0.594, 18 0.602 4.079 -0.946, 19 0.080 3.584 -0.226, 20 -0.828 3.479 0.113,
0 0.000 0.970 0.000, 1 0.133 2.436 -0.827, 2 0.296 1.039 0.477, 3 0.230 -1.982 1.491, 4 -0.385 -5.300 1.471, 5 -0.296 0.901 -0.477, 6 -0.536 -2.254 0.693, 7 -1.423 -5.530 1.097, 8 0.267 3.902 -1.654, 9 0.154 4.746 -1.874, 10 0.063 4.735 -1.767, 11 0.063 4.858 -2.002, 12 0.212 4.919 -1.608, 13 0.052 4.658 -2.560, 14 0.436 4.854 -1.401, 15 -0.068 3.807 -2.541, 16 -0.598 3.261 -1.956, 17 -1.282 2.954 -0.628, 18 0.601 3.997 -0.766, 19 -0.096 2.883 0.679, 20 -0.846 3.124 0.211,
0 0.000 0.970 -0.000, 1 0.134 2.450 -0.843, 2 0.294 1.061 0.479, 3 0.226 -1.913 1.403, 4 -0.398 -5.228 1.378, 5 -0.294 0.879 -0.479, 6 -0.519 -2.140 0.641, 7 -1.434 -5.541 1.067, 8 0.268 3.931 -1.686, 9 0.159 4.826 -1.933, 10 0.072 4.806 -1.826, 11 0.077 4.932 -2.184, 12 0.211 5.026 -1.673, 13 0.061 4.729 -2.615, 14 0.431 4.963 -1.466, 15 -0.058 3.883 -2.596, 16 -0.621 3.140 -1.884, 17 -1.312 2.537 -0.568, 18 0.595 3.978 -0.776, 19 -0.122 2.682 0.781, 20 -1.015 2.659 0.402,
0 0.000 0.970 0.000, 1 0.125 2.431 -0.877, 2 0.309 1.037 0.475, 3 0.256 -1.931 1.314, 4 -0.474 -5.244 1.355, 5 -0.309 0.903 -0.475, 6 -0.510 -2.159 0.551, 7 -1.392 -5.519 1.031, 8 0.249 3.891 -1.755, 9 0.178 4.813 -2.026, 10 0.087 4.803 -1.919, 11 0.058 4.872 -2.105, 12 0.228 5.024 -1.765, 13 0.075 4.726 -2.712, 14 0.463 4.922 -1.551, 15 -0.125 3.818 -2.646, 16 -0.611 2.879 -1.765, 17 -1.437 2.060 -0.333, 18 0.624 3.965 -0.864, 19 0.131 2.979 0.051, 20 -0.896 2.162 0.522,
0 0.000 0.970 -0.000, 1 0.123 2.438 -0.857, 2 0.308 1.052 0.487, 3 0.259 -1.883 1.359, 4 -0.316 -5.133 1.414, 5 -0.308 0.888 -0.487, 6 -0.517 -2.154 0.555, 7 -1.452 -5.490 0.914, 8 0.245 3.906 -1.714, 9 0.180 4.883 -1.958, 10 0.081 4.896 -1.792, 11 0.065 4.934 -2.099, 12 0.207 5.035 -1.709, 13 0.090 4.754 -2.706, 14 0.468 4.986 -1.541, 15 -0.134 3.783 -2.579, 16 -0.637 2.728 -1.625, 17 -1.313 1.765 -0.422, 18 0.624 4.029 -0.849, 19 0.192 2.866 0.185, 20 -0.775 1.840 0.777,
0 0.000 0.970 0.000, 1 0.137 2.364 -0.812, 2 0.339 1.050 0.496, 3 0.264 -1.978 1.504, 4 -0.511 -5.392 1.482, 5 -0.339 0.890 -0.496, 6 -0.507 -2.236 0.694, 7 -1.369 -5.538 1.018, 8 0.274 3.759 -1.625, 9 0.203 4.785 -1.900, 10 0.121 4.788 -1.729, 11 0.039 4.870 -2.053, 12 0.244 4.926 -1.646, 13 0.071 4.686 -2.661, 14 0.500 4.879 -1.479, 15 -0.091 3.683 -2.516, 16 -0.602 2.529 -1.493, 17 -1.241 1.285 -0.374, 18 0.639 3.834 -0.733, 19 0.297 2.665 0.305, 20 -0.579 1.486 1.040,
0 0.000 0.970 0.000, 1 0.124 2.285 -0.798, 2 0.308 1.046 0.492, 3 0.349 -2.038 1.449, 4 -0.409 -5.494 1.459, 5 -0.308 0.894 -0.492, 6 -0.446 -2.397 0.730, 7 -1.296 -5.652 1.021, 8 0.248 3.600 -1.596, 9 0.200 4.640 -1.876, 10 0.085 4.619 -1.762, 11 0.091 4.746 -2.118, 12 0.227 4.840 -1.609, 13 0.076 4.543 -2.548, 14 0.556 4.779 -1.433, 15 -0.120 3.517 -2.529, 16 -0.552 2.196 -1.555, 17 -1.175 0.836 -0.496, 18 0.617 3.684 -0.664, 19 0.435 2.385 0.410, 20 -0.247 1.066 1.055,
0 0.000 0.970 -0.000, 1 0.145 2.364 -0.840, 2 0.314 1.011 0.477, 3 0.251 -1.895 1.369, 4 -0.378 -5.266 1.354, 5 -0.314 0.929 -0.477, 6 -0.397 -2.257 0.557, 7 -1.257 -5.425 0.897, 8 0.289 3.759 -1.681, 9 0.211 4.857 -2.073, 10 0.115 4.852 -1.904, 11 0.093 4.926 -2.216, 12 0.269 5.045 -1.867, 13 0.122 4.743 -2.826, 14 0.491 4.981 -1.657, 15 -0.119 3.676 -2.630, 16 -0.596 2.308 -1.745, 17 -1.109 0.866 -0.755, 18 0.698 3.841 -0.732, 19 0.523 2.418 0.405, 20 -0.056 1.071 1.059,
0 0.000 0.970 0.000, 1 0.150 2.379 -0.856, 2 0.303 1.061 0.484, 3 0.348 -1.870 1.250, 4 -0.361 -5.159 1.323, 5 -0.303 0.879 -0.484, 6 -0.410 -2.193 0.561, 7 -1.343 -5.457 0.808, 8 0.301 3.788 -1.712, 9 0.224 4.921 -2.043, 10 0.110 4.928 -1.879, 11 0.118 5.055 -2.239, 12 0.263 5.120 -1.843, 13 0.119 4.818 -2.798, 14 0.559 5.008 -1.619, 15 -0.095 3.695 -2.712, 16 -0.479 2.193 -1.840, 17 -1.033 0.636 -0.873, 18 0.696 3.881 -0.713, 19 0.697 2.436 0.320, 20 0.220 1.005 1.203,
0 -0.000 0.970 0.000, 1 0.127 2.396 -0.853, 2 0.356 1.101 0.448, 3 0.275 -1.926 1.336, 4 -0.288 -5.142 1.323, 5 -0.356 0.839 -0.448, 6 -0.473 -2.158 0.501, 7 -1.340 -5.386 0.952, 8 0.254 3.823 -1.706, 9 0.221 4.973 -2.067, 10 0.140 4.966 -1.896, 11 0.085 5.104 -2.267, 12 0.230 5.168 -1.870, 13 0.088 4.867 -2.824, 14 0.517 5.094 -1.651, 15 -0.148 3.679 -2.671, 16 -0.504 2.133 -1.889, 17 -0.896 0.508 -1.077, 18 0.655 3.967 -0.740, 19 0.735 2.465 0.458, 20 0.574 0.977 1.304,
0 -0.000 0.970 0.000, 1 0.141 2.366 -0.815, 2 0.341 1.056 0.487, 3 0.269 -1.902 1.428, 4 -0.341 -5.234 1.324, 5 -0.341 0.884 -0.487, 6 -0.453 -2.139 0.586, 7 -1.366 -5.459 0.948, 8 0.282 3.762 -1.630, 9 0.185 4.952 -2.013, 10 0.078 4.974 -1.861, 11 0.060 5.045 -2.173, 12 0.239 5.129 -1.819, 13 0.065 4.805 -2.727, 14 0.518 5.055 -1.601, 15 -0.138 3.651 -2.629, 16 -0.458 2.086 -1.936, 17 -0.857 0.531 -1.282, 18 0.702 3.873 -0.630, 19 0.897 2.396 0.507, 20 0.858 0.936 1.431,
0 0.000 0.970 0.000, 1 0.122 2.383 -0.831, 2 0.387 1.058 0.487, 3 0.220 -1.906 1.425, 4 -0.329 -5.040 1.371, 5 -0.387 0.882 -0.487, 6 -0.501 -2.147 0.586, 7 -1.438 -5.479 0.929, 8 0.244 3.795 -1.661, 9 0.138 4.981 -2.006, 10 0.029 4.981 -1.871, 11 0.039 5.105 -2.232, 12 0.180 5.173 -1.836, 13 0.028 4.898 -2.669, 14 0.468 5.063 -1.611, 15 -0.183 3.654 -2.630, 16 -0.454 2.134 -2.103, 17 -0.805 0.552 -1.520, 18 0.670 3.937 -0.692, 19 0.946 2.458 0.448, 20 1.125 1.069 1.303,
0 0.000 0.970 0.000, 1 0.128 2.364 -0.860, 2 0.323 1.065 0.530, 3 0.266 -1.914 1.372, 4 -0.315 -5.172 1.414, 5 -0.323 0.875 -0.530, 6 -0.426 -2.151 0.535, 7 -1.268 -5.377 0.959, 8 0.257 3.758 -1.720, 9 0.144 4.978 -1.973, 10 0.060 4.990 -1.803, 11 0.012 5.122 -2.173, 12 0.149 5.190 -1.778, 13 0.025 4.852 -2.728, 14 0.431 5.081 -1.557, 15 -0.186 3.620 -2.693, 16 -0.358 2.078 -2.237, 17 -0.710 0.489 -1.702, 18 0.699 3.895 -0.746, 19 1.045 2.475 0.406, 20 1.438 1.125 1.443,
0 0.000 0.970 0.000, 1 0.127 2.396 -0.842, 2 0.344 1.058 0.482, 3 0.282 -1.854 1.233, 4 -0.315 -5.183 1.330, 5 -0.344 0.882 -0.482, 6 -0.466 -2.167 0.544, 7 -1.343 -5.416 0.956, 8 0.254 3.823 -1.684, 9 0.173 5.020 -2.074, 10 0.089 5.024 -1.905, 11 0.049 5.123 -2.268, 12 0.241 5.214 -1.868, 13 0.049 4.917 -2.831, 14 0.466 5.114 -1.657, 15 -0.130 3.709 -2.674, 16 -0.345 2.172 -2.334, 17 -0.618 0.506 -1.945, 18 0.638 3.936 -0.694, 19 1.168 2.590 0.412, 20 1.791 1.230 1.423,
0 0.000 0.970 0.000, 1 0.167 2.397 -0.831, 2 0.341 1.056 0.482, 3 0.383 -1.876 1.324, 4 -0.226 -5.159 1.299, 5 -0.341 0.884 -0.482, 6 -0.364 -2.106 0.573, 7 -1.250 -5.383 0.932, 8 0.334 3.824 -1.662, 9 0.268 5.028 -2.073, 10 0.199 5.058 -1.928, 11 0.121 5.138 -2.248, 12 0.260 5.204 -1.855, 13 0.127 4.901 -2.802, 14 0.547 5.093 -1.634, 15 -0.055 3.728 -2.646, 16 -0.234 2.163 -2.389, 17 -0.457 0.519 -2.203, 18 0.723 3.920 -0.679, 19 1.340 2.629 0.528, 20 2.093 1.386 1.568,
0 0.000 0.970 0.000, 1 0.130 2.395 -0.831, 2 0.334 1.061 0.527, 3 0.271 -1.878 1.355, 4 -0.305 -5.177 1.471, 5 -0.334 0.879 -0.527, 6 -0.487 -2.194 0.671, 7 -1.299 -5.400 1.029, 8 0.260 3.820 -1.662, 9 0.162 5.017 -1.975, 10 0.081 5.052 -1.821, 11 0.040 5.150 -2.182, 12 0.180 5.215 -1.788, 13 0.018 4.860 -2.688, 14 0.469 5.103 -1.568, 15 -0.120 3.714 -2.703, 16 -0.287 2.257 -2.516, 17 -0.411 0.542 -2.435, 18 0.640 3.926 -0.621, 19 1.338 2.713 0.440, 20 2.307 1.582 1.535,
0 0.000 0.970 0.000, 1 0.150 2.402 -0.852, 2 0.332 1.019 0.514, 3 0.252 -1.869 1.353, 4 -0.333 -5.171 1.475, 5 -0.332 0.921 -0.514, 6 -0.459 -2.191 0.592, 7 -1.314 -5.389 1.025, 8 0.299 3.835 -1.704, 9 0.160 5.037 -1.954, 10 0.089 5.076 -1.811, 11 0.049 5.174 -2.171, 12 0.240 5.265 -1.773, 13 0.028 4.884 -2.678, 14 0.436 5.113 -1.518, 15 -0.111 3.743 -2.695, 16 -0.197 2.299 -2.761, 17 -0.342 0.697 -2.716, 18 0.710 3.927 -0.713, 19 1.410 2.757 0.552, 20 2.593 1.832 1.643,
0 -0.000 0.970 0.000, 1 0.148 2.412 -0.838, 2 0.343 1.053 0.480, 3 0.266 -1.867 1.389, 4 -0.352 -5.258 1.322, 5 -0.343 0.887 -0.480, 6 -0.463 -2.189 0.633, 7 -1.384 -5.483 0.958, 8 0.297 3.855 -1.676, 9 0.154 5.049 -2.070, 10 0.055 5.085 -1.931, 11 0.047 5.120 -2.233, 12 0.164 5.252 -1.728, 13 0.047 4.915 -2.790, 14 0.461 5.111 -1.627, 15 -0.130 3.718 -2.635, 16 -0.234 2.346 -2.885, 17 -0.319 0.849 -3.129, 18 0.723 3.992 -0.717, 19 1.527 2.870 0.492, 20 2.936 2.084 1.629,
0 0.000 0.970 0.000, 1 0.171 2.416 -0.854, 2 0.299 1.058 0.481, 3 0.331 -1.942 1.299, 4 -0.272 -5.197 1.316, 5 -0.299 0.882 -0.481, 6 -0.421 -2.168 0.544, 7 -1.306 -5.429 0.944, 8 0.342 3.862 -1.708, 9 0.182 5.034 -2.022, 10 0.071 5.036 -1.919, 11 0.093 5.125 -2.271, 12 0.211 5.259 -1.761, 13 0.082 4.919 -2.711, 14 0.504 5.146 -1.540, 15 -0.091 3.738 -2.676, 16 -0.141 2.387 -3.085, 17 -0.159 1.170 -3.561, 18 0.775 3.986 -0.740, 19 1.678 3.006 0.541, 20 3.106 2.421 1.616,
0 0.000 0.970 -0.000, 1 0.193 2.423 -0.864, 2 0.324 1.068 0.538, 3 0.352 -1.951 1.380, 4 -0.295 -5.237 1.283, 5 -0.324 0.872 -0.538, 6 -0.392 -2.178 0.611, 7 -1.289 -5.520 0.891, 8 0.387 3.877 -1.729, 9 0.245 4.997 -1.983, 10 0.160 5.001 -1.812, 11 0.112 5.135 -2.184, 12 0.251 5.203 -1.785, 13 0.122 4.893 -2.749, 14 0.538 5.093 -1.562, 15 -0.043 3.765 -2.656, 16 -0.103 2.481 -3.264, 17 0.001 1.499 -4.047, 18 0.817 3.989 -0.802, 19 1.791 3.117 0.558, 20 3.285 2.776 1.583,
0 0.000 0.970 0.000, 1 0.190 2.428 -0.845, 2 0.307 1.049 0.452, 3 0.320 -1.895 1.363, 4 -0.266 -5.129 1.294, 5 -0.307 0.891 -0.452, 6 -0.435 -2.222 0.651, 7 -1.323 -5.381 0.961, 8 0.379 3.885 -1.690, 9 0.237 5.040 -1.981, 10 0.151 5.074 -1.833, 11 0.134 5.146 -2.154, 12 0.277 5.215 -1.747, 13 0.140 4.900 -2.729, 14 0.507 5.112 -1.530, 15 -0.024 3.747 -2.628, 16 -0.069 2.552 -3.304, 17 0.101 1.767 -4.446, 18 0.783 4.023 -0.753, 19 1.885 3.242 0.534, 20 3.390 3.197 1.474,
0 0.000 0.970 0.000, 1 0.211 2.416 -0.864, 2 0.373 1.064 0.511, 3 0.309 -1.939 1.356, 4 -0.312 -5.239 1.362, 5 -0.373 0.876 -0.511, 6 -0.418 -2.213 0.519, 7 -1.164 -5.405 0.940, 8 0.422 3.862 -1.728, 9 0.215 5.024 -1.969, 10 0.126 5.036 -1.758, 11 0.083 5.173 -2.143, 12 0.282 5.234 -1.719, 13 0.094 4.922 -2.731, 14 0.514 5.100 -1.626, 15 -0.001 3.730 -2.741, 16 -0.072 2.643 -3.503, 17 0.122 2.091 -4.792, 18 0.845 3.993 -0.716, 19 1.926 3.359 0.536, 20 3.488 3.508 1.414,
0 -0.000 0.970 0.000, 1 0.193 2.410 -0.864, 2 0.345 1.064 0.506, 3 0.256 -1.965 1.398, 4 -0.308 -5.168 1.396, 5 -0.345 0.876 -0.506, 6 -0.474 -2.203 0.519, 7 -1.288 -5.468 0.861, 8 0.387 3.850 -1.728, 9 0.196 5.011 -1.967, 10 0.073 5.037 -1.765, 11 0.095 5.130 -2.133, 12 0.241 5.198 -1.720, 13 0.102 4.882 -2.717, 14 0.537 5.090 -1.621, 15 -0.052 3.720 -2.739, 16 -0.058 2.773 -3.762, 17 0.246 2.525 -5.321, 18 0.825 3.979 -0.718, 19 2.049 3.542 0.545, 20 3.429 3.901 1.256,
0 0.000 0.970 0.000, 1 0.206 2.433 -0.875, 2 0.347 1.053 0.458, 3 0.253 -1.952 1.368, 4 -0.210 -5.159 1.304, 5 -0.347 0.887 -0.458, 6 -0.383 -2.159 0.564, 7 -1.256 -5.407 0.971, 8 0.411 3.896 -1.750, 9 0.262 5.034 -2.003, 10 0.189 5.074 -1.852, 11 0.120 5.120 -2.180, 12 0.324 5.178 -1.759, 13 0.130 4.873 -2.761, 14 0.542 5.113 -1.547, 15 0.001 3.784 -2.847, 16 -0.035 2.974 -3.973, 17 0.324 2.997 -5.674, 18 0.821 4.008 -0.652, 19 2.108 3.770 0.512, 20 3.410 4.269 1.091,
0 0.000 0.970 0.000, 1 0.226 2.457 -0.885, 2 0.331 1.060 0.486, 3 0.360 -1.846 1.271, 4 -0.248 -5.133 1.303, 5 -0.331 0.880 -0.486, 6 -0.379 -2.204 0.542, 7 -1.256 -5.449 0.974, 8 0.452 3.943 -1.770, 9 0.258 5.070 -1.966, 10 0.172 5.083 -1.797, 11 0.191 5.172 -2.149, 12 0.333 5.237 -1.754, 13 0.140 4.943 -2.722, 14 0.548 5.173 -1.550, 15 0.012 3.797 -2.860, 16 0.014 3.256 -4.295, 17 0.434 3.356 -6.046, 18 0.892 4.090 -0.681, 19 2.251 3.957 0.504, 20 3.337 4.660 0.988,
0 0.000 0.970 0.000, 1 0.206 2.470 -0.896, 2 0.333 1.067 0.519, 3 0.265 -1.900 1.320, 4 -0.386 -5.219 1.260, 5 -0.333 0.873 -0.519, 6 -0.467 -2.171 0.461, 7 -1.254 -5.452 0.882, 8 0.412 3.971 -1.793, 9 0.208 5.016 -2.026, 10 0.097 5.055 -1.880, 11 0.116 5.143 -2.226, 12 0.247 5.237 -1.719, 13 0.091 4.857 -2.724, 14 0.548 5.095 -1.620, 15 -0.067 3.819 -2.922, 16 0.006 3.409 -4.584, 17 0.450 3.859 -6.438, 18 0.890 4.122 -0.664, 19 2.204 4.203 0.504, 20 3.162 5.053 0.843,
0 0.000 0.970 0.000, 1 0.228 2.445 -0.875, 2 0.349 1.058 0.505, 3 0.280 -1.909 1.319, 4 -0.374 -5.312 1.333, 5 -0.349 0.882 -0.505, 6 -0.483 -2.238 0.601, 7 -1.288 -5.484 0.936, 8 0.456 3.919 -1.751, 9 0.218 4.963 -1.866, 10 0.143 5.003 -1.716, 11 0.068 5.050 -2.042, 12 0.216 5.118 -1.635, 13 0.075 4.804 -2.618, 14 0.512 5.041 -1.413, 15 -0.011 3.772 -2.880, 16 0.045 3.576 -4.723, 17 0.506 4.137 -6.493, 18 0.922 4.066 -0.621, 19 2.189 4.313 0.565, 20 3.086 5.346 0.750,
0 0.000 0.970 0.000, 1 0.205 2.445 -0.844, 2 0.307 1.056 0.500, 3 0.322 -1.970 1.440, 4 -0.253 -5.247 1.434, 5 -0.307 0.884 -0.500, 6 -0.473 -2.192 0.654, 7 -1.328 -5.670 1.058, 8 0.410 3.920 -1.689, 9 0.211 4.878 -1.852, 10 0.122 4.911 -1.707, 11 0.101 4.987 -2.024, 12 0.252 5.053 -1.620, 13 0.106 4.744 -2.593, 14 0.493 4.947 -1.403, 15 -0.064 3.785 -2.756, 16 0.082 3.640 -4.760, 17 0.549 4.401 -6.466, 18 0.885 4.055 -0.621, 19 2.081 4.471 0.473, 20 2.871 5.477 0.703,
0 0.000 0.970 -0.000, 1 0.192 2.465 -0.927, 2 0.323 1.056 0.482, 3 0.243 -1.937 1.425, 4 -0.349 -5.293 1.439, 5 -0.323 0.884 -0.482, 6 -0.445 -2.203 0.536, 7 -1.251 -5.472 0.878, 8 0.384 3.961 -1.855, 9 0.188 4.919 -1.875, 10 0.083 4.925 -1.726, 11 0.105 5.024 -2.113, 12 0.258 5.095 -1.680, 13 0.093 4.800 -2.594, 14 0.492 5.025 -1.456, 15 -0.044 3.845 -2.962, 16 0.104 3.963 -4.956, 17 0.569 4.699 -6.541, 18 0.811 4.076 -0.747, 19 2.033 4.748 0.327, 20 2.657 5.820 0.471,
0 0.000 0.970 0.000, 1 0.190 2.457 -0.925, 2 0.344 1.056 0.494, 3 0.299 -1.975 1.380, 4 -0.331 -5.344 1.368, 5 -0.344 0.884 -0.494, 6 -0.459 -2.251 0.564, 7 -1.203 -5.501 1.008, 8 0.379 3.944 -1.850, 9 0.191 4.831 -1.973, 10 0.087 4.817 -1.818, 11 0.099 4.959 -2.220, 12 0.258 5.031 -1.777, 13 0.086 4.730 -2.709, 14 0.502 4.960 -1.546, 15 -0.022 3.808 -2.937, 16 0.054 4.067 -4.964, 17 0.565 4.895 -6.471, 18 0.780 4.081 -0.762, 19 1.942 4.806 0.217, 20 2.505 5.955 0.212,
0 0.000 0.970 0.000, 1 0.187 2.495 -0.904, 2 0.349 1.056 0.452, 3 0.281 -1.994 1.377, 4 -0.351 -5.290 1.356, 5 -0.349 0.884 -0.452, 6 -0.455 -2.227 0.579, 7 -1.211 -5.439 0.976, 8 0.374 4.021 -1.808, 9 0.190 4.906 -1.943, 10 0.096 4.910 -1.834, 11 0.059 5.027 -2.053, 12 0.222 5.103 -1.598, 13 0.048 4.790 -2.557, 14 0.521 5.014 -1.547, 15 -0.031 3.878 -2.868, 16 0.052 4.308 -4.919, 17 0.531 5.135 -6.211, 18 0.779 4.164 -0.747, 19 1.756 4.994 0.256, 20 2.408 6.278 0.189,
0 0.000 0.970 0.000, 1 0.204 2.515 -0.912, 2 0.308 1.056 0.456, 3 0.234 -2.017 1.424, 4 -0.355 -5.166 1.447, 5 -0.308 0.884 -0.456, 6 -0.402 -2.240 0.612, 7 -1.333 -5.468 0.909, 8 0.407 4.061 -1.824, 9 0.222 4.883 -1.914, 10 0.117 4.870 -1.788, 11 0.096 4.954 -2.151, 12 0.261 5.031 -1.690, 13 0.097 4.815 -2.581, 14 0.557 4.975 -1.498, 15 0.051 3.921 -2.759, 16 0.094 4.509 -4.791, 17 0.546 5.353 -6.048, 18 0.763 4.201 -0.889, 19 1.753 5.160 0.084, 20 2.194 6.417 -0.076,
0 0.000 0.970 0.000, 1 0.149 2.476 -0.865, 2 0.306 1.069 0.514, 3 0.247 -1.934 1.399, 4 -0.312 -5.205 1.388, 5 -0.306 0.871 -0.514, 6 -0.543 -2.283 0.662, 7 -1.354 -5.532 0.942, 8 0.298 3.981 -1.731, 9 0.173 4.818 -1.971, 10 0.078 4.787 -1.826, 11 0.080 4.932 -2.103, 12 0.179 5.017 -1.648, 13 0.087 4.794 -2.686, 14 0.449 4.906 -1.546, 15 -0.074 3.861 -2.675, 16 0.011 4.567 -4.652, 17 0.450 5.481 -5.733, 18 0.669 4.101 -0.787, 19 1.591 5.177 0.004, 20 1.979 6.586 -0.202,
0 -0.000 0.970 0.000, 1 0.160 2.463 -0.911, 2 0.312 1.040 0.504, 3 0.262 -2.005 1.366, 4 -0.362 -5.316 1.380, 5 -0.312 0.900 -0.504, 6 -0.565 -2.233 0.640, 7 -1.334 -5.514 1.081, 8 0.321 3.956 -1.823, 9 0.174 4.781 -1.838, 10 0.078 4.782 -1.640, 11 0.086 4.934 -2.060, 12 0.252 4.866 -1.677, 13 0.069 4.694 -2.572, 14 0.470 4.864 -1.501, 15 -0.043 3.833 -2.759, 16 -0.021 4.609 -4.449, 17 0.407 5.562 -5.337, 18 0.685 4.079 -0.886, 19 1.451 5.271 -0.024, 20 1.825 6.534 -0.304,
0 -0.000 0.970 0.000, 1 0.183 2.490 -0.892, 2 0.317 1.055 0.465, 3 0.244 -1.961 1.359, 4 -0.348 -5.272 1.333, 5 -0.317 0.885 -0.465, 6 -0.410 -2.170 0.523, 7 -1.395 -5.603 0.873, 8 0.366 4.009 -1.784, 9 0.192 4.830 -1.906, 10 0.100 4.814 -1.739, 11 0.112 4.965 -2.165, 12 0.281 5.041 -1.696, 13 0.090 4.759 -2.690, 14 0.476 4.932 -1.458, 15 -0.039 3.890 -2.739, 16 -0.051 4.745 -4.313, 17 0.344 5.776 -5.052, 18 0.770 4.129 -0.830, 19 1.347 5.300 -0.237, 20 1.643 6.677 -0.392,
0 0.000 0.970 0.000, 1 0.156 2.488 -0.895, 2 0.317 1.055 0.464, 3 0.252 -2.052 1.433, 4 -0.354 -5.267 1.412, 5 -0.317 0.885 -0.464, 6 -0.525 -2.298 0.615, 7 -1.365 -5.567 0.876, 8 0.313 4.006 -1.790, 9 0.183 4.811 -1.906, 10 0.091 4.804 -1.741, 11 0.076 4.850 -2.103, 12 0.249 4.923 -1.636, 13 0.086 4.712 -2.685, 14 0.466 4.922 -1.459, 15 -0.050 3.881 -2.738, 16 -0.180 4.757 -3.965, 17 0.290 5.869 -4.738, 18 0.676 4.132 -0.841, 19 1.233 5.360 -0.252, 20 1.357 6.736 -0.561,
0 0.000 0.970 0.000, 1 0.164 2.488 -0.879, 2 0.304 1.062 0.504, 3 0.234 -1.980 1.425, 4 -0.339 -5.213 1.379, 5 -0.304 0.878 -0.504, 6 -0.391 -2.201 0.533, 7 -1.381 -5.538 0.942, 8 0.328 4.005 -1.758, 9 0.190 4.790 -1.884, 10 0.076 4.717 -1.764, 11 0.067 4.901 -2.040, 12 0.252 4.939 -1.725, 13 0.074 4.766 -2.607, 14 0.533 4.959 -1.403, 15 -0.015 3.841 -2.572, 16 -0.147 4.779 -3.832, 17 0.215 5.938 -4.453, 18 0.671 4.169 -0.943, 19 1.020 5.291 -0.332, 20 1.181 6.740 -0.540,
0 0.000 0.970 0.000, 1 0.138 2.513 -0.860, 2 0.364 1.053 0.448, 3 0.190 -1.964 1.367, 4 -0.400 -5.173 1.418, 5 -0.364 0.887 -0.448, 6 -0.573 -2.198 0.574, 7 -1.389 -5.473 0.903, 8 0.277 4.055 -1.720, 9 0.147 4.844 -1.886, 10 0.036 4.816 -1.751, 11 0.036 4.958 -2.018, 12 0.221 4.993 -1.705, 13 0.010 4.764 -2.523, 14 0.507 4.979 -1.521, 15 -0.059 3.948 -2.563, 16 -0.259 4.856 -3.606, 17 0.054 6.078 -4.088, 18 0.612 4.163 -0.877, 19 0.886 5.403 -0.332, 20 0.948 6.714 -0.627,
0 0.000 0.970 0.000, 1 0.156 2.451 -0.855, 2 0.334 1.058 0.494, 3 0.269 -1.992 1.448, 4 -0.455 -5.309 1.548, 5 -0.334 0.882 -0.494, 6 -0.470 -2.209 0.669, 7 -1.408 -5.598 1.037, 8 0.312 3.931 -1.711, 9 0.196 4.749 -1.788, 10 0.111 4.742 -1.632, 11 0.027 4.796 -1.986, 12 0.190 4.866 -1.546, 13 0.096 4.658 -2.520, 14 0.467 4.853 -1.368, 15 -0.027 3.842 -2.572, 16 -0.269 4.669 -3.389, 17 -0.061 5.962 -3.747, 18 0.651 4.020 -0.849, 19 0.745 5.253 -0.343, 20 0.750 6.490 -0.635,
0 -0.000 0.970 0.000, 1 0.136 2.457 -0.843, 2 0.295 1.049 0.425, 3 0.217 -1.934 1.453, 4 -0.375 -5.221 1.354, 5 -0.295 0.891 -0.425, 6 -0.484 -2.162 0.609, 7 -1.379 -5.530 1.074, 8 0.273 3.943 -1.687, 9 0.153 4.761 -1.794, 10 0.067 4.761 -1.610, 11 0.070 4.903 -2.001, 12 0.165 4.982 -1.583, 13 0.050 4.682 -2.476, 14 0.427 4.839 -1.481, 15 -0.071 3.880 -2.528, 16 -0.263 4.790 -3.238, 17 -0.177 5.943 -3.335, 18 0.616 4.007 -0.845, 19 0.627 5.225 -0.352, 20 0.438 6.383 -0.747,
0 0.000 0.970 -0.000, 1 0.127 2.432 -0.828, 2 0.327 1.049 0.430, 3 0.258 -1.933 1.459, 4 -0.460 -5.265 1.374, 5 -0.327 0.891 -0.430, 6 -0.529 -2.211 0.574, 7 -1.410 -5.562 1.075, 8 0.254 3.894 -1.655, 9 0.112 4.693 -1.824, 10 0.027 4.663 -1.690, 11 0.028 4.798 -1.947, 12 0.177 4.904 -1.523, 13 0.032 4.674 -2.485, 14 0.362 4.774 -1.433, 15 -0.050 3.775 -2.458, 16 -0.348 4.632 -2.987, 17 -0.311 5.729 -3.052, 18 0.558 4.014 -0.852, 19 0.467 5.023 -0.247, 20 0.292 6.171 -0.641,
0 0.000 0.970 0.000, 1 0.109 2.420 -0.816, 2 0.297 1.053 0.497, 3 0.225 -1.926 1.469, 4 -0.508 -5.325 1.419, 5 -0.297 0.887 -0.497, 6 -0.503 -2.199 0.567, 7 -1.382 -5.498 1.013, 8 0.218 3.869 -1.632, 9 0.138 4.690 -1.783, 10 0.046 4.646 -1.659, 11 0.036 4.809 -1.902, 12 0.188 4.871 -1.503, 13 0.038 4.693 -2.402, 14 0.422 4.776 -1.413, 15 -0.097 3.764 -2.441, 16 -0.444 4.517 -2.767, 17 -0.552 5.653 -2.617, 18 0.534 3.975 -0.824, 19 0.349 4.979 -0.280, 20 0.023 5.960 -0.460,
0 0.000 0.970 -0.000, 1 0.107 2.434 -0.843, 2 0.343 1.057 0.482, 3 0.179 -1.912 1.391, 4 -0.452 -5.325 1.411, 5 -0.343 0.883 -0.482, 6 -0.541 -2.238 0.628, 7 -1.451 -5.528 0.973, 8 0.214 3.898 -1.686, 9 0.027 4.820 -1.826, 10 -0.142 4.828 -1.659, 11 -0.064 4.911 -2.002, 12 0.010 5.022 -1.627, 13 0.021 4.723 -2.590, 14 0.371 4.901 -1.395, 15 -0.143 3.755 -2.450, 16 -0.546 4.228 -2.705, 17 -0.749 5.109 -2.588, 18 0.570 4.042 -0.923, 19 0.571 4.583 -0.270, 20 0.070 5.610 -0.456,
0 -0.000 0.970 -0.000, 1 0.107 2.456 -0.859, 2 0.341 1.041 0.468, 3 0.293 -1.857 1.397, 4 -0.466 -5.325 1.383, 5 -0.341 0.899 -0.468, 6 -0.544 -2.248 0.614, 7 -1.465 -5.530 0.946, 8 0.214 3.943 -1.717, 9 0.128 4.799 -1.850, 10 0.014 4.804 -1.688, 11 0.026 4.898 -2.037, 12 0.148 4.904 -1.602, 13 0.042 4.756 -2.639, 14 0.440 4.830 -1.388, 15 -0.130 3.826 -2.504, 16 -0.518 4.146 -2.807, 17 -0.804 5.122 -2.072, 18 0.558 4.059 -0.930, 19 0.437 4.465 -0.202, 20 -0.303 5.488 -0.408,
0 -0.000 0.970 0.000, 1 0.126 2.441 -0.851, 2 0.296 1.056 0.475, 3 0.236 -1.951 1.448, 4 -0.544 -5.432 1.422, 5 -0.296 0.884 -0.475, 6 -0.494 -2.227 0.589, 7 -1.399 -5.577 0.983, 8 0.251 3.912 -1.702, 9 0.125 4.735 -1.810, 10 0.035 4.692 -1.617, 11 -0.016 4.795 -1.975, 12 0.195 4.845 -1.579, 13 -0.004 4.685 -2.578, 14 0.435 4.870 -1.428, 15 -0.090 3.781 -2.488, 16 -0.580 3.955 -2.676, 17 -0.776 4.604 -2.012, 18 0.593 4.044 -0.916, 19 0.377 4.264 -0.099, 20 -0.312 4.999 -0.325,
0 0.000 0.970 0.000, 1 0.097 2.472 -0.879, 2 0.293 1.065 0.523, 3 0.233 -1.972 1.479, 4 -0.426 -5.192 1.482, 5 -0.293 0.875 -0.523, 6 -0.614 -2.322 0.730, 7 -1.406 -5.576 1.050, 8 0.193 3.973 -1.757, 9 0.121 4.740 -1.819, 10 0.030 4.708 -1.687, 11 -0.064 4.787 -1.881, 12 0.089 4.848 -1.494, 13 -0.012 4.666 -2.530, 14 0.436 4.877 -1.373, 15 -0.131 3.857 -2.639, 16 -0.833 3.789 -2.367, 17 -0.993 4.458 -1.317, 18 0.518 4.090 -0.876, 19 0.274 4.093 -0.063, 20 -0.594 4.569 -0.031,
0 0.000 0.970 0.000, 1 0.157 2.493 -0.882, 2 0.341 1.058 0.481, 3 0.281 -1.899 1.385, 4 -0.456 -5.240 1.372, 5 -0.341 0.882 -0.481, 6 -0.441 -2.129 0.553, 7 -1.457 -5.533 0.985, 8 0.313 4.016 -1.765, 9 0.167 4.761 -1.873, 10 0.082 4.704 -1.737, 11 0.009 4.872 -1.986, 12 0.159 4.933 -1.597, 13 0.027 4.728 -2.589, 14 0.475 4.911 -1.429, 15 -0.025 3.878 -2.671, 16 -0.754 3.691 -2.415, 17 -1.348 4.074 -1.056, 18 0.652 4.154 -0.858, 19 0.239 3.975 -0.406, 20 -0.670 4.151 -0.124,
0 0.000 0.970 0.000, 1 0.153 2.457 -0.891, 2 0.341 1.057 0.489, 3 0.282 -1.918 1.410, 4 -0.454 -5.363 1.468, 5 -0.341 0.883 -0.489, 6 -0.555 -2.302 0.609, 7 -1.449 -5.570 1.019, 8 0.306 3.943 -1.783, 9 0.118 4.733 -1.783, 10 -0.006 4.702 -1.592, 11 -0.003 4.833 -1.952, 12 0.147 4.895 -1.559, 13 0.023 4.655 -2.559, 14 0.464 4.873 -1.390, 15 -0.031 3.798 -2.643, 16 -0.632 3.521 -2.168, 17 -1.067 3.628 -0.843, 18 0.643 4.088 -0.922, 19 0.092 3.698 0.139, 20 -0.800 3.734 -0.036,
0 0.000 0.970 0.000, 1 0.153 2.448 -0.891, 2 0.340 1.040 0.478, 3 0.279 -1.934 1.391, 4 -0.447 -5.287 1.299, 5 -0.340 0.900 -0.478, 6 -0.543 -2.181 0.552, 7 -1.461 -5.507 0.915, 8 0.306 3.926 -1.781, 9 0.135 4.806 -1.837, 10 0.011 4.775 -1.646, 11 0.023 4.870 -2.000, 12 0.173 4.931 -1.606, 13 0.041 4.726 -2.612, 14 0.478 4.946 -1.443, 15 -0.032 3.783 -2.638, 16 -0.670 3.277 -2.042, 17 -0.911 3.259 -0.678, 18 0.644 4.070 -0.925, 19 0.131 3.533 -0.211, 20 -0.900 3.301 0.291,
0 0.000 0.970 0.000, 1 0.114 2.483 -0.848, 2 0.341 1.038 0.472, 3 0.289 -1.876 1.395, 4 -0.441 -5.290 1.437, 5 -0.341 0.902 -0.472, 6 -0.533 -2.127 0.567, 7 -1.475 -5.517 1.069, 8 0.228 3.996 -1.695, 9 0.098 4.851 -1.854, 10 0.015 4.853 -1.686, 11 -0.001 4.893 -1.988, 12 0.140 4.991 -1.604, 13 -0.039 4.756 -2.606, 14 0.399 4.942 -1.440, 15 -0.105 3.903 -2.578, 16 -0.646 3.229 -1.936, 17 -1.316 2.776 -0.672, 18 0.562 4.090 -0.813, 19 0.134 3.451 -0.103, 20 -1.013 2.935 0.367,
0 0.000 0.970 0.000, 1 0.099 2.462 -0.857, 2 0.361 1.028 0.428, 3 0.201 -1.913 1.344, 4 -0.530 -5.299 1.439, 5 -0.361 0.912 -0.428, 6 -0.564 -2.133 0.583, 7 -1.439 -5.484 1.059, 8 0.198 3.953 -1.715, 9 0.119 4.827 -1.896, 10 0.024 4.821 -1.729, 11 -0.002 4.897 -2.037, 12 0.151 4.959 -1.647, 13 0.022 4.719 -2.637, 14 0.404 4.947 -1.488, 15 -0.178 3.816 -2.574, 16 -0.671 3.008 -1.662, 17 -1.409 2.327 -0.480, 18 0.574 4.091 -0.856, 19 0.165 3.129 0.174, 20 -0.947 2.331 0.644,
0 0.000 0.970 0.000, 1 0.124 2.461 -0.841, 2 0.316 1.044 0.438, 3 0.240 -1.916 1.356, 4 -0.391 -5.314 1.390, 5 -0.316 0.896 -0.438, 6 -0.528 -2.134 0.591, 7 -1.455 -5.544 1.029, 8 0.248 3.951 -1.681, 9 0.163 4.834 -1.862, 10 0.055 4.801 -1.670, 11 0.057 4.932 -2.029, 12 0.209 4.994 -1.637, 13 0.081 4.753 -2.632, 14 0.463 4.982 -1.476, 15 -0.127 3.877 -2.572, 16 -0.626 2.803 -1.634, 17 -1.334 1.905 -0.321, 18 0.622 4.025 -0.790, 19 0.300 3.025 0.136, 20 -0.761 1.993 0.813,
0 -0.000 0.970 0.000, 1 0.117 2.414 -0.818, 2 0.308 1.047 0.490, 3 0.248 -1.888 1.349, 4 -0.362 -5.270 1.420, 5 -0.308 0.893 -0.490, 6 -0.514 -2.110 0.577, 7 -1.416 -5.505 1.051, 8 0.235 3.859 -1.636, 9 0.161 4.850 -1.854, 10 0.069 4.836 -1.715, 11 0.045 4.912 -2.026, 12 0.196 4.976 -1.632, 13 0.054 4.762 -2.513, 14 0.450 4.965 -1.471, 15 -0.151 3.753 -2.497, 16 -0.649 2.659 -1.545, 17 -1.257 1.528 -0.290, 18 0.620 3.964 -0.775, 19 0.288 2.849 0.205, 20 -0.621 1.646 1.009,
0 0.000 0.970 0.000, 1 0.110 2.326 -0.784, 2 0.349 1.029 0.491, 3 0.288 -2.014 1.396, 4 -0.450 -5.432 1.492, 5 -0.349 0.911 -0.491, 6 -0.476 -2.236 0.625, 7 -1.359 -5.614 1.108, 8 0.221 3.682 -1.567, 9 0.178 4.704 -1.810, 10 0.098 4.699 -1.669, 11 0.012 4.783 -1.992, 12 0.161 4.848 -1.597, 13 0.026 4.631 -2.480, 14 0.488 4.788 -1.420, 15 -0.117 3.586 -2.452, 16 -0.605 2.391 -1.534, 17 -1.193 1.118 -0.328, 18 0.559 3.779 -0.683, 19 0.382 2.551 0.468, 20 -0.306 1.223 1.132,
0 -0.000 0.970 0.000, 1 0.116 2.310 -0.804, 2 0.315 1.006 0.480, 3 0.253 -2.078 1.468, 4 -0.480 -5.458 1.381, 5 -0.315 0.934 -0.480, 6 -0.506 -2.359 0.591, 7 -1.387 -5.638 0.996, 8 0.233 3.649 -1.609, 9 0.151 4.679 -1.880, 10 0.076 4.657 -1.768, 11 0.019 4.795 -2.139, 12 0.155 4.889 -1.622, 13 0.003 4.591 -2.578, 14 0.450 4.813 -1.405, 15 -0.141 3.548 -2.552, 16 -0.639 2.217 -1.581, 17 -1.184 0.804 -0.511, 18 0.607 3.751 -0.665, 19 0.427 2.334 0.472, 20 -0.152 0.994 1.129,
0 0.000 0.970 0.000, 1 0.145 2.340 -0.841, 2 0.297 1.021 0.522, 3 0.347 -2.016 1.340, 4 -0.391 -5.369 1.337, 5 -0.297 0.919 -0.522, 6 -0.420 -2.283 0.545, 7 -1.281 -5.540 0.954, 8 0.290 3.710 -1.683, 9 0.168 4.786 -1.944, 10 0.082 4.768 -1.792, 11 0.096 4.860 -2.147, 12 0.235 4.960 -1.758, 13 0.016 4.698 -2.601, 14 0.492 4.911 -1.592, 15 -0.101 3.599 -2.683, 16 -0.494 2.214 -1.798, 17 -1.035 0.729 -0.652, 18 0.681 3.820 -0.683, 19 0.594 2.407 0.453, 20 0.128 0.917 1.130,
0 -0.000 0.970 -0.000, 1 0.142 2.369 -0.837, 2 0.304 1.059 0.486, 3 0.353 -1.951 1.317, 4 -0.343 -5.228 1.390, 5 -0.304 0.881 -0.486, 6 -0.511 -2.201 0.558, 7 -1.238 -5.414 1.002, 8 0.284 3.768 -1.674, 9 0.170 4.888 -1.941, 10 0.085 4.863 -1.819, 11 0.039 4.965 -2.186, 12 0.248 5.018 -1.778, 13 0.018 4.792 -2.630, 14 0.491 5.036 -1.497, 15 -0.120 3.624 -2.644, 16 -0.482 2.194 -1.844, 17 -0.983 0.671 -0.779, 18 0.688 3.911 -0.704, 19 0.772 2.416 0.497, 20 0.430 1.001 1.202,
0 0.000 0.970 0.000, 1 0.141 2.374 -0.816, 2 0.347 1.056 0.489, 3 0.274 -1.921 1.420, 4 -0.437 -5.237 1.401, 5 -0.347 0.884 -0.489, 6 -0.463 -2.157 0.577, 7 -1.334 -5.423 1.007, 8 0.282 3.778 -1.631, 9 0.163 4.943 -1.866, 10 0.040 4.938 -1.688, 11 0.047 5.067 -2.049, 12 0.196 5.132 -1.653, 13 0.049 4.828 -2.609, 14 0.524 5.070 -1.477, 15 -0.145 3.667 -2.635, 16 -0.430 2.123 -1.835, 17 -0.911 0.627 -1.027, 18 0.709 3.889 -0.628, 19 0.910 2.403 0.511, 20 0.769 0.977 1.362,
0 -0.000 0.970 0.000, 1 0.111 2.383 -0.809, 2 0.335 1.029 0.564, 3 0.178 -1.920 1.322, 4 -0.433 -5.208 1.353, 5 -0.335 0.911 -0.564, 6 -0.577 -2.144 0.554, 7 -1.290 -5.364 0.898, 8 0.222 3.796 -1.617, 9 0.140 4.982 -1.961, 10 0.054 4.993 -1.837, 11 -0.020 5.040 -2.154, 12 0.189 5.094 -1.747, 13 0.015 4.859 -2.584, 14 0.438 5.082 -1.587, 15 -0.178 3.701 -2.611, 16 -0.464 2.106 -2.014, 17 -0.907 0.462 -1.207, 18 0.622 3.891 -0.623, 19 0.997 2.497 0.466, 20 0.984 0.996 1.361,
0 0.000 0.970 0.000, 1 0.126 2.389 -0.839, 2 0.345 1.055 0.481, 3 0.305 -1.877 1.331, 4 -0.395 -5.161 1.379, 5 -0.345 0.885 -0.481, 6 -0.556 -2.164 0.543, 7 -1.233 -5.325 0.919, 8 0.253 3.808 -1.678, 9 0.137 4.941 -2.009, 10 0.053 4.952 -1.841, 11 0.009 5.052 -2.204, 12 0.213 5.106 -1.800, 13 0.013 4.817 -2.758, 14 0.432 5.042 -1.595, 15 -0.202 3.705 -2.679, 16 -0.404 2.124 -2.162, 17 -0.852 0.563 -1.524, 18 0.707 3.910 -0.678, 19 1.080 2.527 0.304, 20 1.376 1.110 1.296,
0 -0.000 0.970 0.000, 1 0.128 2.386 -0.845, 2 0.330 1.065 0.528, 3 0.279 -1.912 1.352, 4 -0.450 -5.241 1.366, 5 -0.330 0.875 -0.528, 6 -0.530 -2.165 0.521, 7 -1.425 -5.446 0.909, 8 0.256 3.802 -1.689, 9 0.133 4.955 -1.961, 10 0.050 4.958 -1.791, 11 -0.023 5.005 -2.106, 12 0.211 5.112 -1.750, 13 0.003 4.855 -2.716, 14 0.428 5.048 -1.545, 15 -0.186 3.686 -2.747, 16 -0.398 2.217 -2.207, 17 -0.733 0.472 -1.716, 18 0.697 3.917 -0.632, 19 1.145 2.571 0.362, 20 1.661 1.227 1.387,
0 0.000 0.970 -0.000, 1 0.164 2.411 -0.848, 2 0.342 1.058 0.481, 3 0.270 -1.883 1.415, 4 -0.319 -5.165 1.342, 5 -0.342 0.882 -0.481, 6 -0.466 -2.159 0.545, 7 -1.340 -5.401 0.963, 8 0.328 3.851 -1.697, 9 0.181 5.008 -1.923, 10 0.052 4.990 -1.735, 11 0.068 5.081 -2.087, 12 0.214 5.144 -1.695, 13 0.092 4.931 -2.695, 14 0.527 5.122 -1.527, 15 -0.071 3.725 -2.654, 16 -0.274 2.167 -2.314, 17 -0.611 0.506 -1.941, 18 0.728 3.977 -0.739, 19 1.250 2.683 0.369, 20 1.983 1.388 1.483,
0 0.000 0.970 0.000, 1 0.164 2.406 -0.841, 2 0.350 1.054 0.482, 3 0.296 -1.894 1.312, 4 -0.272 -5.106 1.367, 5 -0.350 0.886 -0.482, 6 -0.465 -2.120 0.558, 7 -1.354 -5.436 0.807, 8 0.328 3.842 -1.681, 9 0.169 4.980 -1.991, 10 0.057 4.969 -1.833, 11 0.073 5.060 -2.185, 12 0.219 5.123 -1.793, 13 0.086 4.910 -2.669, 14 0.476 5.074 -1.628, 15 -0.081 3.705 -2.639, 16 -0.250 2.250 -2.468, 17 -0.607 0.573 -2.157, 18 0.737 3.979 -0.723, 19 1.361 2.671 0.381, 20 2.225 1.533 1.387,
0 -0.000 0.970 0.000, 1 0.164 2.407 -0.844, 2 0.350 1.055 0.482, 3 0.286 -1.942 1.283, 4 -0.331 -5.221 1.273, 5 -0.350 0.885 -0.482, 6 -0.476 -2.162 0.527, 7 -1.337 -5.428 0.835, 8 0.328 3.843 -1.689, 9 0.177 4.964 -1.998, 10 0.066 4.935 -1.838, 11 0.074 5.062 -2.194, 12 0.208 5.157 -1.683, 13 0.104 4.879 -2.797, 14 0.470 5.106 -1.519, 15 -0.079 3.704 -2.648, 16 -0.203 2.292 -2.642, 17 -0.438 0.636 -2.520, 18 0.736 3.983 -0.729, 19 1.462 2.739 0.427, 20 2.556 1.639 1.512,
0 0.000 0.970 0.000, 1 0.164 2.397 -0.833, 2 0.342 1.070 0.489, 3 0.264 -1.884 1.375, 4 -0.286 -5.157 1.415, 5 -0.342 0.870 -0.489, 6 -0.465 -2.197 0.615, 7 -1.302 -5.393 1.044, 8 0.327 3.823 -1.667, 9 0.151 4.961 -1.863, 10 0.053 4.966 -1.698, 11 0.068 5.057 -2.046, 12 0.206 5.156 -1.662, 13 0.060 4.856 -2.601, 14 0.436 5.054 -1.454, 15 -0.072 3.688 -2.621, 16 -0.284 2.289 -2.728, 17 -0.445 0.683 -2.717, 18 0.727 3.959 -0.712, 19 1.521 2.780 0.544, 20 2.729 1.849 1.621,
0 0.000 0.970 0.000, 1 0.186 2.398 -0.833, 2 0.344 1.052 0.482, 3 0.255 -1.917 1.358, 4 -0.346 -5.259 1.340, 5 -0.344 0.888 -0.482, 6 -0.481 -2.227 0.595, 7 -1.383 -5.489 0.971, 8 0.371 3.827 -1.666, 9 0.177 4.948 -1.863, 10 0.060 4.964 -1.701, 11 0.076 5.055 -2.049, 12 0.223 5.117 -1.660, 13 0.077 4.822 -2.600, 14 0.511 5.042 -1.448, 15 -0.069 3.711 -2.625, 16 -0.208 2.381 -2.794, 17 -0.309 0.900 -3.084, 18 0.812 3.943 -0.707, 19 1.622 2.861 0.499, 20 2.941 2.186 1.606,
0 0.000 0.970 0.000, 1 0.164 2.414 -0.856, 2 0.337 1.059 0.525, 3 0.269 -1.871 1.336, 4 -0.300 -5.160 1.358, 5 -0.337 0.881 -0.525, 6 -0.462 -2.192 0.581, 7 -1.274 -5.454 0.868, 8 0.329 3.858 -1.712, 9 0.178 4.987 -1.949, 10 0.087 5.006 -1.798, 11 0.066 5.079 -2.103, 12 0.212 5.142 -1.715, 13 0.069 4.844 -2.650, 14 0.469 5.093 -1.552, 15 -0.071 3.731 -2.661, 16 -0.212 2.439 -2.997, 17 -0.216 1.094 -3.473, 18 0.729 3.984 -0.762, 19 1.709 3.006 0.512, 20 3.136 2.477 1.533,
0 -0.000 0.970 0.000, 1 0.204 2.424 -0.863, 2 0.346 1.053 0.487, 3 0.265 -1.956 1.291, 4 -0.311 -5.149 1.397, 5 -0.346 0.887 -0.487, 6 -0.493 -2.268 0.602, 7 -1.248 -5.423 0.820, 8 0.407 3.878 -1.726, 9 0.231 4.969 -1.958, 10 0.151 4.965 -1.819, 11 0.106 5.065 -2.182, 12 0.241 5.166 -1.793, 13 0.086 4.893 -2.623, 14 0.534 5.054 -1.572, 15 -0.004 3.764 -2.633, 16 -0.071 2.491 -3.229, 17 -0.068 1.314 -3.857, 18 0.819 3.993 -0.819, 19 1.820 3.182 0.473, 20 3.314 2.777 1.396,
0 0.000 0.970 -0.000, 1 0.204 2.420 -0.843, 2 0.350 1.056 0.486, 3 0.266 -1.920 1.403, 4 -0.343 -5.220 1.327, 5 -0.350 0.884 -0.486, 6 -0.478 -2.153 0.563, 7 -1.252 -5.398 0.949, 8 0.407 3.870 -1.686, 9 0.218 4.978 -1.889, 10 0.132 4.981 -1.719, 11 0.076 5.119 -2.088, 12 0.289 5.173 -1.683, 13 0.080 4.881 -2.645, 14 0.526 5.069 -1.472, 15 -0.008 3.746 -2.650, 16 -0.064 2.587 -3.310, 17 0.043 1.634 -4.256, 18 0.823 3.994 -0.723, 19 1.940 3.259 0.521, 20 3.441 3.096 1.375,
0 -0.000 0.970 0.000, 1 0.231 2.461 -0.885, 2 0.302 1.062 0.490, 3 0.330 -1.927 1.263, 4 -0.245 -5.081 1.316, 5 -0.302 0.878 -0.490, 6 -0.427 -2.157 0.490, 7 -1.227 -5.376 0.800, 8 0.462 3.952 -1.770, 9 0.270 5.029 -2.004, 10 0.191 5.017 -1.891, 11 0.138 5.155 -2.268, 12 0.282 5.222 -1.866, 13 0.126 4.944 -2.714, 14 0.572 5.139 -1.519, 15 0.057 3.855 -2.783, 16 -0.035 2.787 -3.559, 17 0.135 2.012 -4.721, 18 0.867 4.050 -0.756, 19 1.996 3.467 0.414, 20 3.571 3.493 1.216,
